2015,04,18,18,47,44.819,65,40066
2015,04,18,18,47,44.819,0,0
2015,04,18,18,47,44.819,0,0
2015,04,18,18,47,44.819,0,0
2015,04,18,18,47,44.819,0,0
2015,04,18,18,47,44.826,65,40066
2015,04,18,18,47,44.826,0,0
2015,04,18,18,47,44.826,0,0
2015,04,18,18,47,44.826,0,0
2015,04,18,18,47,44.826,0,0
2015,04,18,18,47,44.826,66,40086
2015,04,18,18,47,44.826,0,0
2015,04,18,18,47,44.826,0,0
2015,04,18,18,47,44.826,0,0
2015,04,18,18,47,44.826,0,0
2015,04,18,18,47,44.831,66,40086
2015,04,18,18,47,44.831,0,0
2015,04,18,18,47,44.831,0,0
2015,04,18,18,47,44.831,0,0
2015,04,18,18,47,44.831,0,0
2015,04,18,18,47,44.831,66,40106
2015,04,18,18,47,44.831,0,0
2015,04,18,18,47,44.831,0,0
2015,04,18,18,47,44.831,0,0
2015,04,18,18,47,44.831,0,0
2015,04,18,18,47,44.832,66,40125
2015,04,18,18,47,44.832,0,0
2015,04,18,18,47,44.832,0,0
2015,04,18,18,47,44.832,0,0
2015,04,18,18,47,44.832,0,0
2015,04,18,18,47,44.833,65,40146
2015,04,18,18,47,44.833,0,0
2015,04,18,18,47,44.833,0,0
2015,04,18,18,47,44.833,0,0
2015,04,18,18,47,44.833,0,0
2015,04,18,18,47,44.834,65,40146
2015,04,18,18,47,44.834,0,0
2015,04,18,18,47,44.834,0,0
2015,04,18,18,47,44.834,0,0
2015,04,18,18,47,44.834,0,0
2015,04,18,18,47,44.855,66,40166
2015,04,18,18,47,44.855,0,0
2015,04,18,18,47,44.855,0,0
2015,04,18,18,47,44.855,0,0
2015,04,18,18,47,44.855,0,0
2015,04,18,18,47,44.859,66,40166
2015,04,18,18,47,44.859,0,0
2015,04,18,18,47,44.859,0,0
2015,04,18,18,47,44.859,0,0
2015,04,18,18,47,44.859,0,0
2015,04,18,18,47,44.860,65,40186
2015,04,18,18,47,44.860,0,0
2015,04,18,18,47,44.860,0,0
2015,04,18,18,47,44.860,0,0
2015,04,18,18,47,44.860,0,0
2015,04,18,18,47,44.868,65,40205
2015,04,18,18,47,44.868,0,0
2015,04,18,18,47,44.868,0,0
2015,04,18,18,47,44.868,0,0
2015,04,18,18,47,44.868,0,0
2015,04,18,18,47,44.869,66,40226
2015,04,18,18,47,44.869,0,0
2015,04,18,18,47,44.869,0,0
2015,04,18,18,47,44.869,0,0
2015,04,18,18,47,44.869,0,0
2015,04,18,18,47,44.879,66,40226
2015,04,18,18,47,44.879,0,0
2015,04,18,18,47,44.879,0,0
2015,04,18,18,47,44.879,0,0
2015,04,18,18,47,44.879,0,0
2015,04,18,18,47,44.887,65,40246
2015,04,18,18,47,44.887,0,0
2015,04,18,18,47,44.887,0,0
2015,04,18,18,47,44.887,0,0
2015,04,18,18,47,44.887,0,0
2015,04,18,18,47,44.900,65,40246
2015,04,18,18,47,44.900,0,0
2015,04,18,18,47,44.900,0,0
2015,04,18,18,47,44.900,0,0
2015,04,18,18,47,44.900,0,0
2015,04,18,18,47,44.905,66,40266
2015,04,18,18,47,44.905,0,0
2015,04,18,18,47,44.905,0,0
2015,04,18,18,47,44.905,0,0
2015,04,18,18,47,44.905,0,0
2015,04,18,18,47,44.922,66,40266
2015,04,18,18,47,44.922,0,0
2015,04,18,18,47,44.922,0,0
2015,04,18,18,47,44.922,0,0
2015,04,18,18,47,44.922,0,0
2015,04,18,18,47,44.939,66,40286
2015,04,18,18,47,44.939,0,0
2015,04,18,18,47,44.939,0,0
2015,04,18,18,47,44.939,0,0
2015,04,18,18,47,44.939,0,0
2015,04,18,18,47,44.959,65,40305
2015,04,18,18,47,44.959,0,0
2015,04,18,18,47,44.959,0,0
2015,04,18,18,47,44.959,0,0
2015,04,18,18,47,44.959,0,0
2015,04,18,18,47,44.989,66,40326
2015,04,18,18,47,44.989,0,0
2015,04,18,18,47,44.989,0,0
2015,04,18,18,47,44.989,0,0
2015,04,18,18,47,44.989,0,0
2015,04,18,18,47,44.992,67,40345
2015,04,18,18,47,44.992,0,0
2015,04,18,18,47,44.992,0,0
2015,04,18,18,47,44.992,0,0
2015,04,18,18,47,44.992,0,0
2015,04,18,18,47,45.008,65,40366
2015,04,18,18,47,45.008,0,0
2015,04,18,18,47,45.008,0,0
2015,04,18,18,47,45.008,0,0
2015,04,18,18,47,45.008,0,0
2015,04,18,18,47,45.016,65,40366
2015,04,18,18,47,45.016,0,0
2015,04,18,18,47,45.016,0,0
2015,04,18,18,47,45.016,0,0
2015,04,18,18,47,45.016,0,0
2015,04,18,18,47,45.039,66,40386
2015,04,18,18,47,45.039,0,0
2015,04,18,18,47,45.039,0,0
2015,04,18,18,47,45.039,0,0
2015,04,18,18,47,45.039,0,0
2015,04,18,18,47,45.045,66,40405
2015,04,18,18,47,45.045,0,0
2015,04,18,18,47,45.045,0,0
2015,04,18,18,47,45.045,0,0
2015,04,18,18,47,45.045,0,0
2015,04,18,18,47,45.055,66,40405
2015,04,18,18,47,45.055,0,0
2015,04,18,18,47,45.055,0,0
2015,04,18,18,47,45.055,0,0
2015,04,18,18,47,45.055,0,0
2015,04,18,18,47,45.064,65,40427
2015,04,18,18,47,45.064,0,0
2015,04,18,18,47,45.064,0,0
2015,04,18,18,47,45.064,0,0
2015,04,18,18,47,45.064,0,0
2015,04,18,18,47,45.093,66,40446
2015,04,18,18,47,45.093,0,0
2015,04,18,18,47,45.093,0,0
2015,04,18,18,47,45.093,0,0
2015,04,18,18,47,45.093,0,0
2015,04,18,18,47,45.094,66,40446
2015,04,18,18,47,45.094,0,0
2015,04,18,18,47,45.094,0,0
2015,04,18,18,47,45.094,0,0
2015,04,18,18,47,45.094,0,0
2015,04,18,18,47,45.109,66,40466
2015,04,18,18,47,45.109,0,0
2015,04,18,18,47,45.109,0,0
2015,04,18,18,47,45.109,0,0
2015,04,18,18,47,45.109,0,0
2015,04,18,18,47,45.120,65,40485
2015,04,18,18,47,45.120,0,0
2015,04,18,18,47,45.120,0,0
2015,04,18,18,47,45.120,0,0
2015,04,18,18,47,45.120,0,0
2015,04,18,18,47,45.155,66,40506
2015,04,18,18,47,45.155,0,0
2015,04,18,18,47,45.155,0,0
2015,04,18,18,47,45.155,0,0
2015,04,18,18,47,45.155,0,0
2015,04,18,18,47,45.174,66,40525
2015,04,18,18,47,45.174,0,0
2015,04,18,18,47,45.174,0,0
2015,04,18,18,47,45.174,0,0
2015,04,18,18,47,45.174,0,0
2015,04,18,18,47,45.175,66,40525
2015,04,18,18,47,45.175,0,0
2015,04,18,18,47,45.175,0,0
2015,04,18,18,47,45.175,0,0
2015,04,18,18,47,45.175,0,0
2015,04,18,18,47,45.201,65,40547
2015,04,18,18,47,45.201,0,0
2015,04,18,18,47,45.201,0,0
2015,04,18,18,47,45.201,0,0
2015,04,18,18,47,45.201,0,0
2015,04,18,18,47,45.205,66,40566
2015,04,18,18,47,45.205,0,0
2015,04,18,18,47,45.205,0,0
2015,04,18,18,47,45.205,0,0
2015,04,18,18,47,45.205,0,0
2015,04,18,18,47,45.209,66,40566
2015,04,18,18,47,45.209,0,0
2015,04,18,18,47,45.209,0,0
2015,04,18,18,47,45.209,0,0
2015,04,18,18,47,45.209,0,0
2015,04,18,18,47,45.251,66,40586
2015,04,18,18,47,45.251,0,0
2015,04,18,18,47,45.251,0,0
2015,04,18,18,47,45.251,0,0
2015,04,18,18,47,45.251,0,0
2015,04,18,18,47,45.252,65,40605
2015,04,18,18,47,45.252,0,0
2015,04,18,18,47,45.252,0,0
2015,04,18,18,47,45.252,0,0
2015,04,18,18,47,45.252,0,0
2015,04,18,18,47,45.265,66,40626
2015,04,18,18,47,45.265,0,0
2015,04,18,18,47,45.265,0,0
2015,04,18,18,47,45.265,0,0
2015,04,18,18,47,45.265,0,0
2015,04,18,18,47,45.274,66,40626
2015,04,18,18,47,45.274,0,0
2015,04,18,18,47,45.274,0,0
2015,04,18,18,47,45.274,0,0
2015,04,18,18,47,45.274,0,0
2015,04,18,18,47,45.285,66,40646
2015,04,18,18,47,45.285,0,0
2015,04,18,18,47,45.285,0,0
2015,04,18,18,47,45.285,0,0
2015,04,18,18,47,45.285,0,0
2015,04,18,18,47,45.307,65,40665
2015,04,18,18,47,45.307,0,0
2015,04,18,18,47,45.307,0,0
2015,04,18,18,47,45.307,0,0
2015,04,18,18,47,45.307,0,0
2015,04,18,18,47,45.322,66,40686
2015,04,18,18,47,45.322,0,0
2015,04,18,18,47,45.322,0,0
2015,04,18,18,47,45.322,0,0
2015,04,18,18,47,45.322,0,0
2015,04,18,18,47,45.332,66,40686
2015,04,18,18,47,45.332,0,0
2015,04,18,18,47,45.332,0,0
2015,04,18,18,47,45.332,0,0
2015,04,18,18,47,45.332,0,0
2015,04,18,18,47,45.342,65,40706
2015,04,18,18,47,45.342,0,0
2015,04,18,18,47,45.342,0,0
2015,04,18,18,47,45.342,0,0
2015,04,18,18,47,45.342,0,0
2015,04,18,18,47,45.365,65,40725
2015,04,18,18,47,45.365,0,0
2015,04,18,18,47,45.365,0,0
2015,04,18,18,47,45.365,0,0
2015,04,18,18,47,45.365,0,0
2015,04,18,18,47,45.413,66,40746
2015,04,18,18,47,45.413,0,0
2015,04,18,18,47,45.413,0,0
2015,04,18,18,47,45.413,0,0
2015,04,18,18,47,45.413,0,0
2015,04,18,18,47,45.414,66,40746
2015,04,18,18,47,45.414,0,0
2015,04,18,18,47,45.414,0,0
2015,04,18,18,47,45.414,0,0
2015,04,18,18,47,45.414,0,0
2015,04,18,18,47,45.416,65,40766
2015,04,18,18,47,45.416,0,0
2015,04,18,18,47,45.416,0,0
2015,04,18,18,47,45.416,0,0
2015,04,18,18,47,45.416,0,0
2015,04,18,18,47,45.427,65,40766
2015,04,18,18,47,45.427,0,0
2015,04,18,18,47,45.427,0,0
2015,04,18,18,47,45.427,0,0
2015,04,18,18,47,45.427,0,0
2015,04,18,18,47,45.432,65,40786
2015,04,18,18,47,45.432,0,0
2015,04,18,18,47,45.432,0,0
2015,04,18,18,47,45.432,0,0
2015,04,18,18,47,45.432,0,0
2015,04,18,18,47,45.438,66,40805
2015,04,18,18,47,45.438,0,0
2015,04,18,18,47,45.438,0,0
2015,04,18,18,47,45.438,0,0
2015,04,18,18,47,45.438,0,0
2015,04,18,18,47,45.457,66,40805
2015,04,18,18,47,45.457,0,0
2015,04,18,18,47,45.457,0,0
2015,04,18,18,47,45.457,0,0
2015,04,18,18,47,45.457,0,0
2015,04,18,18,47,45.472,65,40827
2015,04,18,18,47,45.472,0,0
2015,04,18,18,47,45.472,0,0
2015,04,18,18,47,45.472,0,0
2015,04,18,18,47,45.472,0,0
2015,04,18,18,47,45.473,66,40846
2015,04,18,18,47,45.473,0,0
2015,04,18,18,47,45.473,0,0
2015,04,18,18,47,45.473,0,0
2015,04,18,18,47,45.473,0,0
2015,04,18,18,47,45.507,66,40865
2015,04,18,18,47,45.507,0,0
2015,04,18,18,47,45.507,0,0
2015,04,18,18,47,45.507,0,0
2015,04,18,18,47,45.507,0,0
2015,04,18,18,47,45.508,66,40865
2015,04,18,18,47,45.508,0,0
2015,04,18,18,47,45.508,0,0
2015,04,18,18,47,45.508,0,0
2015,04,18,18,47,45.508,0,0
2015,04,18,18,47,45.527,65,40887
2015,04,18,18,47,45.527,0,0
2015,04,18,18,47,45.527,0,0
2015,04,18,18,47,45.527,0,0
2015,04,18,18,47,45.527,0,0
2015,04,18,18,47,45.539,65,40906
2015,04,18,18,47,45.539,0,0
2015,04,18,18,47,45.539,0,0
2015,04,18,18,47,45.539,0,0
2015,04,18,18,47,45.539,0,0
2015,04,18,18,47,45.567,66,40925
2015,04,18,18,47,45.567,0,0
2015,04,18,18,47,45.567,0,0
2015,04,18,18,47,45.567,0,0
2015,04,18,18,47,45.567,0,0
2015,04,18,18,47,45.570,66,40925
2015,04,18,18,47,45.570,0,0
2015,04,18,18,47,45.570,0,0
2015,04,18,18,47,45.570,0,0
2015,04,18,18,47,45.570,0,0
2015,04,18,18,47,45.574,65,40947
2015,04,18,18,47,45.574,0,0
2015,04,18,18,47,45.574,0,0
2015,04,18,18,47,45.574,0,0
2015,04,18,18,47,45.574,0,0
2015,04,18,18,47,45.587,65,40966
2015,04,18,18,47,45.587,0,0
2015,04,18,18,47,45.587,0,0
2015,04,18,18,47,45.587,0,0
2015,04,18,18,47,45.587,0,0
2015,04,18,18,47,45.594,65,40966
2015,04,18,18,47,45.594,0,0
2015,04,18,18,47,45.594,0,0
2015,04,18,18,47,45.594,0,0
2015,04,18,18,47,45.594,0,0
2015,04,18,18,47,45.605,66,40986
2015,04,18,18,47,45.605,0,0
2015,04,18,18,47,45.605,0,0
2015,04,18,18,47,45.605,0,0
2015,04,18,18,47,45.605,0,0
2015,04,18,18,47,45.627,66,40986
2015,04,18,18,47,45.627,0,0
2015,04,18,18,47,45.627,0,0
2015,04,18,18,47,45.627,0,0
2015,04,18,18,47,45.627,0,0
2015,04,18,18,47,45.638,65,41006
2015,04,18,18,47,45.638,0,0
2015,04,18,18,47,45.638,0,0
2015,04,18,18,47,45.638,0,0
2015,04,18,18,47,45.638,0,0
2015,04,18,18,47,45.639,65,41006
2015,04,18,18,47,45.639,0,0
2015,04,18,18,47,45.639,0,0
2015,04,18,18,47,45.639,0,0
2015,04,18,18,47,45.639,0,0
2015,04,18,18,47,45.660,66,41026
2015,04,18,18,47,45.660,0,0
2015,04,18,18,47,45.660,0,0
2015,04,18,18,47,45.660,0,0
2015,04,18,18,47,45.660,0,0
2015,04,18,18,47,45.670,66,41045
2015,04,18,18,47,45.670,0,0
2015,04,18,18,47,45.670,0,0
2015,04,18,18,47,45.670,0,0
2015,04,18,18,47,45.670,0,0
2015,04,18,18,47,45.687,66,41045
2015,04,18,18,47,45.687,0,0
2015,04,18,18,47,45.687,0,0
2015,04,18,18,47,45.687,0,0
2015,04,18,18,47,45.687,0,0
2015,04,18,18,47,45.689,65,41067
2015,04,18,18,47,45.689,0,0
2015,04,18,18,47,45.689,0,0
2015,04,18,18,47,45.689,0,0
2015,04,18,18,47,45.689,0,0
2015,04,18,18,47,45.713,65,41067
2015,04,18,18,47,45.713,0,0
2015,04,18,18,47,45.713,0,0
2015,04,18,18,47,45.713,0,0
2015,04,18,18,47,45.713,0,0
2015,04,18,18,47,45.717,66,41087
2015,04,18,18,47,45.717,0,0
2015,04,18,18,47,45.717,0,0
2015,04,18,18,47,45.717,0,0
2015,04,18,18,47,45.717,0,0
2015,04,18,18,47,45.720,66,41087
2015,04,18,18,47,45.720,0,0
2015,04,18,18,47,45.720,0,0
2015,04,18,18,47,45.720,0,0
2015,04,18,18,47,45.720,0,0
2015,04,18,18,47,45.736,66,41107
2015,04,18,18,47,45.736,0,0
2015,04,18,18,47,45.736,0,0
2015,04,18,18,47,45.736,0,0
2015,04,18,18,47,45.736,0,0
2015,04,18,18,47,45.746,66,41107
2015,04,18,18,47,45.746,0,0
2015,04,18,18,47,45.746,0,0
2015,04,18,18,47,45.746,0,0
2015,04,18,18,47,45.746,0,0
2015,04,18,18,47,45.754,65,41127
2015,04,18,18,47,45.754,0,0
2015,04,18,18,47,45.754,0,0
2015,04,18,18,47,45.754,0,0
2015,04,18,18,47,45.754,0,0
2015,04,18,18,47,45.779,66,41146
2015,04,18,18,47,45.779,0,0
2015,04,18,18,47,45.779,0,0
2015,04,18,18,47,45.779,0,0
2015,04,18,18,47,45.779,0,0
2015,04,18,18,47,45.785,66,41146
2015,04,18,18,47,45.785,0,0
2015,04,18,18,47,45.785,0,0
2015,04,18,18,47,45.785,0,0
2015,04,18,18,47,45.785,0,0
2015,04,18,18,47,45.794,66,41166
2015,04,18,18,47,45.794,0,0
2015,04,18,18,47,45.794,0,0
2015,04,18,18,47,45.794,0,0
2015,04,18,18,47,45.794,0,0
2015,04,18,18,47,45.807,66,41166
2015,04,18,18,47,45.807,0,0
2015,04,18,18,47,45.807,0,0
2015,04,18,18,47,45.807,0,0
2015,04,18,18,47,45.807,0,0
2015,04,18,18,47,45.809,65,41186
2015,04,18,18,47,45.809,0,0
2015,04,18,18,47,45.809,0,0
2015,04,18,18,47,45.809,0,0
2015,04,18,18,47,45.809,0,0
2015,04,18,18,47,45.841,65,41186
2015,04,18,18,47,45.841,0,0
2015,04,18,18,47,45.841,0,0
2015,04,18,18,47,45.841,0,0
2015,04,18,18,47,45.841,0,0
2015,04,18,18,47,45.844,66,41206
2015,04,18,18,47,45.844,0,0
2015,04,18,18,47,45.844,0,0
2015,04,18,18,47,45.844,0,0
2015,04,18,18,47,45.844,0,0
2015,04,18,18,47,45.855,66,41225
2015,04,18,18,47,45.855,0,0
2015,04,18,18,47,45.855,0,0
2015,04,18,18,47,45.855,0,0
2015,04,18,18,47,45.855,0,0
2015,04,18,18,47,45.858,66,41225
2015,04,18,18,47,45.858,0,0
2015,04,18,18,47,45.858,0,0
2015,04,18,18,47,45.858,0,0
2015,04,18,18,47,45.858,0,0
2015,04,18,18,47,45.871,65,41247
2015,04,18,18,47,45.871,0,0
2015,04,18,18,47,45.871,0,0
2015,04,18,18,47,45.871,0,0
2015,04,18,18,47,45.871,0,0
2015,04,18,18,47,45.904,66,41266
2015,04,18,18,47,45.904,0,0
2015,04,18,18,47,45.904,0,0
2015,04,18,18,47,45.904,0,0
2015,04,18,18,47,45.904,0,0
2015,04,18,18,47,45.907,66,41266
2015,04,18,18,47,45.907,0,0
2015,04,18,18,47,45.907,0,0
2015,04,18,18,47,45.907,0,0
2015,04,18,18,47,45.907,0,0
2015,04,18,18,47,45.921,66,41286
2015,04,18,18,47,45.921,0,0
2015,04,18,18,47,45.921,0,0
2015,04,18,18,47,45.921,0,0
2015,04,18,18,47,45.921,0,0
2015,04,18,18,47,45.930,66,41286
2015,04,18,18,47,45.930,0,0
2015,04,18,18,47,45.930,0,0
2015,04,18,18,47,45.930,0,0
2015,04,18,18,47,45.930,0,0
2015,04,18,18,47,45.931,65,41306
2015,04,18,18,47,45.931,0,0
2015,04,18,18,47,45.931,0,0
2015,04,18,18,47,45.931,0,0
2015,04,18,18,47,45.931,0,0
2015,04,18,18,47,45.937,65,41306
2015,04,18,18,47,45.937,0,0
2015,04,18,18,47,45.937,0,0
2015,04,18,18,47,45.937,0,0
2015,04,18,18,47,45.937,0,0
2015,04,18,18,47,45.938,66,41326
2015,04,18,18,47,45.938,0,0
2015,04,18,18,47,45.938,0,0
2015,04,18,18,47,45.938,0,0
2015,04,18,18,47,45.938,0,0
2015,04,18,18,47,45.956,66,41326
2015,04,18,18,47,45.956,0,0
2015,04,18,18,47,45.956,0,0
2015,04,18,18,47,45.956,0,0
2015,04,18,18,47,45.956,0,0
2015,04,18,18,47,45.989,66,41346
2015,04,18,18,47,45.989,0,0
2015,04,18,18,47,45.989,0,0
2015,04,18,18,47,45.989,0,0
2015,04,18,18,47,45.989,0,0
2015,04,18,18,47,45.993,65,41365
2015,04,18,18,47,45.993,0,0
2015,04,18,18,47,45.993,0,0
2015,04,18,18,47,45.993,0,0
2015,04,18,18,47,45.993,0,0
2015,04,18,18,47,46.025,66,41386
2015,04,18,18,47,46.025,0,0
2015,04,18,18,47,46.025,0,0
2015,04,18,18,47,46.025,0,0
2015,04,18,18,47,46.025,0,0
2015,04,18,18,47,46.026,66,41386
2015,04,18,18,47,46.026,0,0
2015,04,18,18,47,46.026,0,0
2015,04,18,18,47,46.026,0,0
2015,04,18,18,47,46.026,0,0
2015,04,18,18,47,46.028,66,41406
2015,04,18,18,47,46.028,0,0
2015,04,18,18,47,46.028,0,0
2015,04,18,18,47,46.028,0,0
2015,04,18,18,47,46.028,0,0
2015,04,18,18,47,46.040,65,41425
2015,04,18,18,47,46.040,0,0
2015,04,18,18,47,46.040,0,0
2015,04,18,18,47,46.040,0,0
2015,04,18,18,47,46.040,0,0
2015,04,18,18,47,46.059,66,41446
2015,04,18,18,47,46.059,0,0
2015,04,18,18,47,46.059,0,0
2015,04,18,18,47,46.059,0,0
2015,04,18,18,47,46.059,0,0
2015,04,18,18,47,46.072,66,41446
2015,04,18,18,47,46.072,0,0
2015,04,18,18,47,46.072,0,0
2015,04,18,18,47,46.072,0,0
2015,04,18,18,47,46.072,0,0
2015,04,18,18,47,46.087,65,41466
2015,04,18,18,47,46.087,0,0
2015,04,18,18,47,46.087,0,0
2015,04,18,18,47,46.087,0,0
2015,04,18,18,47,46.087,0,0
2015,04,18,18,47,46.107,65,41466
2015,04,18,18,47,46.107,0,0
2015,04,18,18,47,46.107,0,0
2015,04,18,18,47,46.107,0,0
2015,04,18,18,47,46.107,0,0
2015,04,18,18,47,46.109,65,41486
2015,04,18,18,47,46.109,0,0
2015,04,18,18,47,46.109,0,0
2015,04,18,18,47,46.109,0,0
2015,04,18,18,47,46.109,0,0
2015,04,18,18,47,46.121,66,41505
2015,04,18,18,47,46.121,0,0
2015,04,18,18,47,46.121,0,0
2015,04,18,18,47,46.121,0,0
2015,04,18,18,47,46.121,0,0
2015,04,18,18,47,46.149,64,41527
2015,04,18,18,47,46.149,0,0
2015,04,18,18,47,46.149,0,0
2015,04,18,18,47,46.149,0,0
2015,04,18,18,47,46.149,0,0
2015,04,18,18,47,46.159,65,41546
2015,04,18,18,47,46.159,0,0
2015,04,18,18,47,46.159,0,0
2015,04,18,18,47,46.159,0,0
2015,04,18,18,47,46.159,0,0
2015,04,18,18,47,46.181,66,41565
2015,04,18,18,47,46.181,0,0
2015,04,18,18,47,46.181,0,0
2015,04,18,18,47,46.181,0,0
2015,04,18,18,47,46.181,0,0
2015,04,18,18,47,46.190,66,41565
2015,04,18,18,47,46.190,0,0
2015,04,18,18,47,46.190,0,0
2015,04,18,18,47,46.190,0,0
2015,04,18,18,47,46.190,0,0
2015,04,18,18,47,46.225,65,41587
2015,04,18,18,47,46.225,0,0
2015,04,18,18,47,46.225,0,0
2015,04,18,18,47,46.225,0,0
2015,04,18,18,47,46.225,0,0
2015,04,18,18,47,46.230,65,41606
2015,04,18,18,47,46.230,0,0
2015,04,18,18,47,46.230,0,0
2015,04,18,18,47,46.230,0,0
2015,04,18,18,47,46.230,0,0
2015,04,18,18,47,46.231,65,41606
2015,04,18,18,47,46.231,0,0
2015,04,18,18,47,46.231,0,0
2015,04,18,18,47,46.231,0,0
2015,04,18,18,47,46.231,0,0
2015,04,18,18,47,46.242,66,41626
2015,04,18,18,47,46.242,0,0
2015,04,18,18,47,46.242,0,0
2015,04,18,18,47,46.242,0,0
2015,04,18,18,47,46.242,0,0
2015,04,18,18,47,46.267,65,41645
2015,04,18,18,47,46.267,0,0
2015,04,18,18,47,46.267,0,0
2015,04,18,18,47,46.267,0,0
2015,04,18,18,47,46.267,0,0
2015,04,18,18,47,46.273,65,41666
2015,04,18,18,47,46.273,0,0
2015,04,18,18,47,46.273,0,0
2015,04,18,18,47,46.273,0,0
2015,04,18,18,47,46.273,0,0
2015,04,18,18,47,46.292,65,41666
2015,04,18,18,47,46.292,0,0
2015,04,18,18,47,46.292,0,0
2015,04,18,18,47,46.292,0,0
2015,04,18,18,47,46.292,0,0
2015,04,18,18,47,46.303,66,41686
2015,04,18,18,47,46.303,0,0
2015,04,18,18,47,46.303,0,0
2015,04,18,18,47,46.303,0,0
2015,04,18,18,47,46.303,0,0
2015,04,18,18,47,46.313,65,41705
2015,04,18,18,47,46.313,0,0
2015,04,18,18,47,46.313,0,0
2015,04,18,18,47,46.313,0,0
2015,04,18,18,47,46.313,0,0
2015,04,18,18,47,46.333,66,41726
2015,04,18,18,47,46.333,0,0
2015,04,18,18,47,46.333,0,0
2015,04,18,18,47,46.333,0,0
2015,04,18,18,47,46.333,0,0
2015,04,18,18,47,46.351,66,41726
2015,04,18,18,47,46.351,0,0
2015,04,18,18,47,46.351,0,0
2015,04,18,18,47,46.351,0,0
2015,04,18,18,47,46.351,0,0
2015,04,18,18,47,46.365,66,41746
2015,04,18,18,47,46.365,0,0
2015,04,18,18,47,46.365,0,0
2015,04,18,18,47,46.365,0,0
2015,04,18,18,47,46.365,0,0
2015,04,18,18,47,46.371,65,41765
2015,04,18,18,47,46.371,0,0
2015,04,18,18,47,46.371,0,0
2015,04,18,18,47,46.371,0,0
2015,04,18,18,47,46.371,0,0
2015,04,18,18,47,46.395,66,41786
2015,04,18,18,47,46.395,0,0
2015,04,18,18,47,46.395,0,0
2015,04,18,18,47,46.395,0,0
2015,04,18,18,47,46.395,0,0
2015,04,18,18,47,46.410,66,41805
2015,04,18,18,47,46.410,0,0
2015,04,18,18,47,46.410,0,0
2015,04,18,18,47,46.410,0,0
2015,04,18,18,47,46.410,0,0
2015,04,18,18,47,46.429,65,41826
2015,04,18,18,47,46.429,0,0
2015,04,18,18,47,46.429,0,0
2015,04,18,18,47,46.429,0,0
2015,04,18,18,47,46.429,0,0
2015,04,18,18,47,46.449,65,41845
2015,04,18,18,47,46.449,0,0
2015,04,18,18,47,46.449,0,0
2015,04,18,18,47,46.449,0,0
2015,04,18,18,47,46.449,0,0
2015,04,18,18,47,46.467,66,41866
2015,04,18,18,47,46.467,0,0
2015,04,18,18,47,46.467,0,0
2015,04,18,18,47,46.467,0,0
2015,04,18,18,47,46.467,0,0
2015,04,18,18,47,46.483,65,41885
2015,04,18,18,47,46.483,0,0
2015,04,18,18,47,46.483,0,0
2015,04,18,18,47,46.483,0,0
2015,04,18,18,47,46.483,0,0
2015,04,18,18,47,46.500,65,41885
2015,04,18,18,47,46.500,0,0
2015,04,18,18,47,46.500,0,0
2015,04,18,18,47,46.500,0,0
2015,04,18,18,47,46.500,0,0
2015,04,18,18,47,46.526,66,41907
2015,04,18,18,47,46.526,0,0
2015,04,18,18,47,46.526,0,0
2015,04,18,18,47,46.526,0,0
2015,04,18,18,47,46.526,0,0
2015,04,18,18,47,46.527,66,41907
2015,04,18,18,47,46.527,0,0
2015,04,18,18,47,46.527,0,0
2015,04,18,18,47,46.527,0,0
2015,04,18,18,47,46.527,0,0
2015,04,18,18,47,46.536,65,41927
2015,04,18,18,47,46.536,0,0
2015,04,18,18,47,46.536,0,0
2015,04,18,18,47,46.536,0,0
2015,04,18,18,47,46.536,0,0
2015,04,18,18,47,46.555,65,41946
2015,04,18,18,47,46.555,0,0
2015,04,18,18,47,46.555,0,0
2015,04,18,18,47,46.555,0,0
2015,04,18,18,47,46.555,0,0
2015,04,18,18,47,46.571,65,41965
2015,04,18,18,47,46.571,0,0
2015,04,18,18,47,46.571,0,0
2015,04,18,18,47,46.571,0,0
2015,04,18,18,47,46.571,0,0
2015,04,18,18,47,46.588,65,41965
2015,04,18,18,47,46.588,0,0
2015,04,18,18,47,46.588,0,0
2015,04,18,18,47,46.588,0,0
2015,04,18,18,47,46.588,0,0
2015,04,18,18,47,46.589,65,41987
2015,04,18,18,47,46.589,0,0
2015,04,18,18,47,46.589,0,0
2015,04,18,18,47,46.589,0,0
2015,04,18,18,47,46.589,0,0
2015,04,18,18,47,46.601,65,41987
2015,04,18,18,47,46.601,0,0
2015,04,18,18,47,46.601,0,0
2015,04,18,18,47,46.601,0,0
2015,04,18,18,47,46.601,0,0
2015,04,18,18,47,46.615,65,42007
2015,04,18,18,47,46.615,0,0
2015,04,18,18,47,46.615,0,0
2015,04,18,18,47,46.615,0,0
2015,04,18,18,47,46.615,0,0
2015,04,18,18,47,46.619,65,42007
2015,04,18,18,47,46.619,0,0
2015,04,18,18,47,46.619,0,0
2015,04,18,18,47,46.619,0,0
2015,04,18,18,47,46.619,0,0
2015,04,18,18,47,46.630,66,42027
2015,04,18,18,47,46.630,0,0
2015,04,18,18,47,46.630,0,0
2015,04,18,18,47,46.630,0,0
2015,04,18,18,47,46.630,0,0
2015,04,18,18,47,46.648,66,42046
2015,04,18,18,47,46.648,0,0
2015,04,18,18,47,46.648,0,0
2015,04,18,18,47,46.648,0,0
2015,04,18,18,47,46.648,0,0
2015,04,18,18,47,46.662,66,42046
2015,04,18,18,47,46.662,0,0
2015,04,18,18,47,46.662,0,0
2015,04,18,18,47,46.662,0,0
2015,04,18,18,47,46.662,0,0
2015,04,18,18,47,46.680,65,42066
2015,04,18,18,47,46.680,0,0
2015,04,18,18,47,46.680,0,0
2015,04,18,18,47,46.680,0,0
2015,04,18,18,47,46.680,0,0
2015,04,18,18,47,46.693,66,42085
2015,04,18,18,47,46.693,0,0
2015,04,18,18,47,46.693,0,0
2015,04,18,18,47,46.693,0,0
2015,04,18,18,47,46.693,0,0
2015,04,18,18,47,46.717,66,42106
2015,04,18,18,47,46.717,0,0
2015,04,18,18,47,46.717,0,0
2015,04,18,18,47,46.717,0,0
2015,04,18,18,47,46.717,0,0
2015,04,18,18,47,46.728,65,42125
2015,04,18,18,47,46.728,0,0
2015,04,18,18,47,46.728,0,0
2015,04,18,18,47,46.728,0,0
2015,04,18,18,47,46.728,0,0
2015,04,18,18,47,46.738,66,42146
2015,04,18,18,47,46.738,0,0
2015,04,18,18,47,46.738,0,0
2015,04,18,18,47,46.738,0,0
2015,04,18,18,47,46.738,0,0
2015,04,18,18,47,46.756,66,42146
2015,04,18,18,47,46.756,0,0
2015,04,18,18,47,46.756,0,0
2015,04,18,18,47,46.756,0,0
2015,04,18,18,47,46.756,0,0
2015,04,18,18,47,46.762,66,42166
2015,04,18,18,47,46.762,0,0
2015,04,18,18,47,46.762,0,0
2015,04,18,18,47,46.762,0,0
2015,04,18,18,47,46.762,0,0
2015,04,18,18,47,46.784,65,42185
2015,04,18,18,47,46.784,0,0
2015,04,18,18,47,46.784,0,0
2015,04,18,18,47,46.784,0,0
2015,04,18,18,47,46.784,0,0
2015,04,18,18,47,46.791,65,42185
2015,04,18,18,47,46.791,0,0
2015,04,18,18,47,46.791,0,0
2015,04,18,18,47,46.791,0,0
2015,04,18,18,47,46.791,0,0
2015,04,18,18,47,46.810,66,42207
2015,04,18,18,47,46.810,0,0
2015,04,18,18,47,46.810,0,0
2015,04,18,18,47,46.810,0,0
2015,04,18,18,47,46.810,0,0
2015,04,18,18,47,46.821,65,42226
2015,04,18,18,47,46.821,0,0
2015,04,18,18,47,46.821,0,0
2015,04,18,18,47,46.821,0,0
2015,04,18,18,47,46.821,0,0
2015,04,18,18,47,46.835,65,42226
2015,04,18,18,47,46.835,0,0
2015,04,18,18,47,46.835,0,0
2015,04,18,18,47,46.835,0,0
2015,04,18,18,47,46.835,0,0
2015,04,18,18,47,46.837,65,42246
2015,04,18,18,47,46.837,0,0
2015,04,18,18,47,46.837,0,0
2015,04,18,18,47,46.837,0,0
2015,04,18,18,47,46.837,0,0
2015,04,18,18,47,46.848,65,42246
2015,04,18,18,47,46.848,0,0
2015,04,18,18,47,46.848,0,0
2015,04,18,18,47,46.848,0,0
2015,04,18,18,47,46.848,0,0
2015,04,18,18,47,46.859,66,42266
2015,04,18,18,47,46.859,0,0
2015,04,18,18,47,46.859,0,0
2015,04,18,18,47,46.859,0,0
2015,04,18,18,47,46.859,0,0
2015,04,18,18,47,46.874,66,42266
2015,04,18,18,47,46.874,0,0
2015,04,18,18,47,46.874,0,0
2015,04,18,18,47,46.874,0,0
2015,04,18,18,47,46.874,0,0
2015,04,18,18,47,46.884,65,42286
2015,04,18,18,47,46.884,0,0
2015,04,18,18,47,46.884,0,0
2015,04,18,18,47,46.884,0,0
2015,04,18,18,47,46.884,0,0
2015,04,18,18,47,46.909,65,42305
2015,04,18,18,47,46.909,0,0
2015,04,18,18,47,46.909,0,0
2015,04,18,18,47,46.909,0,0
2015,04,18,18,47,46.909,0,0
2015,04,18,18,47,46.924,66,42326
2015,04,18,18,47,46.924,0,0
2015,04,18,18,47,46.924,0,0
2015,04,18,18,47,46.924,0,0
2015,04,18,18,47,46.924,0,0
2015,04,18,18,47,46.925,66,42326
2015,04,18,18,47,46.925,0,0
2015,04,18,18,47,46.925,0,0
2015,04,18,18,47,46.925,0,0
2015,04,18,18,47,46.925,0,0
2015,04,18,18,47,46.935,65,42346
2015,04,18,18,47,46.935,0,0
2015,04,18,18,47,46.935,0,0
2015,04,18,18,47,46.935,0,0
2015,04,18,18,47,46.935,0,0
2015,04,18,18,47,46.945,65,42346
2015,04,18,18,47,46.945,0,0
2015,04,18,18,47,46.945,0,0
2015,04,18,18,47,46.945,0,0
2015,04,18,18,47,46.945,0,0
2015,04,18,18,47,46.969,65,42366
2015,04,18,18,47,46.969,0,0
2015,04,18,18,47,46.969,0,0
2015,04,18,18,47,46.969,0,0
2015,04,18,18,47,46.969,0,0
2015,04,18,18,47,46.987,66,42385
2015,04,18,18,47,46.987,0,0
2015,04,18,18,47,46.987,0,0
2015,04,18,18,47,46.987,0,0
2015,04,18,18,47,46.987,0,0
2015,04,18,18,47,46.992,65,42406
2015,04,18,18,47,46.992,0,0
2015,04,18,18,47,46.992,0,0
2015,04,18,18,47,46.992,0,0
2015,04,18,18,47,46.992,0,0
2015,04,18,18,47,47.004,65,42406
2015,04,18,18,47,47.004,0,0
2015,04,18,18,47,47.004,0,0
2015,04,18,18,47,47.004,0,0
2015,04,18,18,47,47.004,0,0
2015,04,18,18,47,47.015,66,42426
2015,04,18,18,47,47.015,0,0
2015,04,18,18,47,47.015,0,0
2015,04,18,18,47,47.015,0,0
2015,04,18,18,47,47.015,0,0
2015,04,18,18,47,47.025,66,42426
2015,04,18,18,47,47.025,0,0
2015,04,18,18,47,47.025,0,0
2015,04,18,18,47,47.025,0,0
2015,04,18,18,47,47.025,0,0
2015,04,18,18,47,47.038,66,42446
2015,04,18,18,47,47.038,0,0
2015,04,18,18,47,47.038,0,0
2015,04,18,18,47,47.038,0,0
2015,04,18,18,47,47.038,0,0
2015,04,18,18,47,47.045,66,42446
2015,04,18,18,47,47.045,0,0
2015,04,18,18,47,47.045,0,0
2015,04,18,18,47,47.045,0,0
2015,04,18,18,47,47.045,0,0
2015,04,18,18,47,47.061,65,42466
2015,04,18,18,47,47.061,0,0
2015,04,18,18,47,47.061,0,0
2015,04,18,18,47,47.061,0,0
2015,04,18,18,47,47.061,0,0
2015,04,18,18,47,47.078,65,42485
2015,04,18,18,47,47.078,0,0
2015,04,18,18,47,47.078,0,0
2015,04,18,18,47,47.078,0,0
2015,04,18,18,47,47.078,0,0
2015,04,18,18,47,47.086,65,42485
2015,04,18,18,47,47.086,0,0
2015,04,18,18,47,47.086,0,0
2015,04,18,18,47,47.086,0,0
2015,04,18,18,47,47.086,0,0
2015,04,18,18,47,47.098,66,42507
2015,04,18,18,47,47.098,0,0
2015,04,18,18,47,47.098,0,0
2015,04,18,18,47,47.098,0,0
2015,04,18,18,47,47.098,0,0
2015,04,18,18,47,47.119,65,42526
2015,04,18,18,47,47.119,0,0
2015,04,18,18,47,47.119,0,0
2015,04,18,18,47,47.119,0,0
2015,04,18,18,47,47.119,0,0
2015,04,18,18,47,47.124,65,42526
2015,04,18,18,47,47.124,0,0
2015,04,18,18,47,47.124,0,0
2015,04,18,18,47,47.124,0,0
2015,04,18,18,47,47.124,0,0
2015,04,18,18,47,47.130,66,42546
2015,04,18,18,47,47.130,0,0
2015,04,18,18,47,47.130,0,0
2015,04,18,18,47,47.130,0,0
2015,04,18,18,47,47.130,0,0
2015,04,18,18,47,47.148,66,42546
2015,04,18,18,47,47.148,0,0
2015,04,18,18,47,47.148,0,0
2015,04,18,18,47,47.148,0,0
2015,04,18,18,47,47.148,0,0
2015,04,18,18,47,47.154,66,42566
2015,04,18,18,47,47.154,0,0
2015,04,18,18,47,47.154,0,0
2015,04,18,18,47,47.154,0,0
2015,04,18,18,47,47.154,0,0
2015,04,18,18,47,47.173,65,42585
2015,04,18,18,47,47.173,0,0
2015,04,18,18,47,47.173,0,0
2015,04,18,18,47,47.173,0,0
2015,04,18,18,47,47.173,0,0
2015,04,18,18,47,47.199,66,42606
2015,04,18,18,47,47.199,0,0
2015,04,18,18,47,47.199,0,0
2015,04,18,18,47,47.199,0,0
2015,04,18,18,47,47.199,0,0
2015,04,18,18,47,47.210,66,42625
2015,04,18,18,47,47.210,0,0
2015,04,18,18,47,47.210,0,0
2015,04,18,18,47,47.210,0,0
2015,04,18,18,47,47.210,0,0
2015,04,18,18,47,47.220,66,42625
2015,04,18,18,47,47.220,0,0
2015,04,18,18,47,47.220,0,0
2015,04,18,18,47,47.220,0,0
2015,04,18,18,47,47.220,0,0
2015,04,18,18,47,47.231,65,42647
2015,04,18,18,47,47.231,0,0
2015,04,18,18,47,47.231,0,0
2015,04,18,18,47,47.231,0,0
2015,04,18,18,47,47.231,0,0
2015,04,18,18,47,47.234,65,42647
2015,04,18,18,47,47.234,0,0
2015,04,18,18,47,47.234,0,0
2015,04,18,18,47,47.234,0,0
2015,04,18,18,47,47.234,0,0
2015,04,18,18,47,47.259,66,42667
2015,04,18,18,47,47.259,0,0
2015,04,18,18,47,47.259,0,0
2015,04,18,18,47,47.259,0,0
2015,04,18,18,47,47.259,0,0
2015,04,18,18,47,47.265,66,42667
2015,04,18,18,47,47.265,0,0
2015,04,18,18,47,47.265,0,0
2015,04,18,18,47,47.265,0,0
2015,04,18,18,47,47.265,0,0
2015,04,18,18,47,47.273,65,42687
2015,04,18,18,47,47.273,0,0
2015,04,18,18,47,47.273,0,0
2015,04,18,18,47,47.273,0,0
2015,04,18,18,47,47.273,0,0
2015,04,18,18,47,47.281,65,42687
2015,04,18,18,47,47.281,0,0
2015,04,18,18,47,47.281,0,0
2015,04,18,18,47,47.281,0,0
2015,04,18,18,47,47.281,0,0
2015,04,18,18,47,47.299,65,42707
2015,04,18,18,47,47.299,0,0
2015,04,18,18,47,47.299,0,0
2015,04,18,18,47,47.299,0,0
2015,04,18,18,47,47.299,0,0
2015,04,18,18,47,47.332,66,42726
2015,04,18,18,47,47.332,0,0
2015,04,18,18,47,47.332,0,0
2015,04,18,18,47,47.332,0,0
2015,04,18,18,47,47.332,0,0
2015,04,18,18,47,47.334,66,42745
2015,04,18,18,47,47.334,0,0
2015,04,18,18,47,47.334,0,0
2015,04,18,18,47,47.334,0,0
2015,04,18,18,47,47.334,0,0
2015,04,18,18,47,47.355,65,42766
2015,04,18,18,47,47.355,0,0
2015,04,18,18,47,47.355,0,0
2015,04,18,18,47,47.355,0,0
2015,04,18,18,47,47.355,0,0
2015,04,18,18,47,47.370,65,42766
2015,04,18,18,47,47.370,0,0
2015,04,18,18,47,47.370,0,0
2015,04,18,18,47,47.370,0,0
2015,04,18,18,47,47.370,0,0
2015,04,18,18,47,47.390,66,42786
2015,04,18,18,47,47.390,0,0
2015,04,18,18,47,47.390,0,0
2015,04,18,18,47,47.390,0,0
2015,04,18,18,47,47.390,0,0
2015,04,18,18,47,47.396,66,42805
2015,04,18,18,47,47.396,0,0
2015,04,18,18,47,47.396,0,0
2015,04,18,18,47,47.396,0,0
2015,04,18,18,47,47.396,0,0
2015,04,18,18,47,47.405,65,42826
2015,04,18,18,47,47.405,0,0
2015,04,18,18,47,47.405,0,0
2015,04,18,18,47,47.405,0,0
2015,04,18,18,47,47.405,0,0
2015,04,18,18,47,47.427,65,42826
2015,04,18,18,47,47.427,0,0
2015,04,18,18,47,47.427,0,0
2015,04,18,18,47,47.427,0,0
2015,04,18,18,47,47.427,0,0
2015,04,18,18,47,47.447,66,42846
2015,04,18,18,47,47.447,0,0
2015,04,18,18,47,47.447,0,0
2015,04,18,18,47,47.447,0,0
2015,04,18,18,47,47.447,0,0
2015,04,18,18,47,47.452,66,42865
2015,04,18,18,47,47.452,0,0
2015,04,18,18,47,47.452,0,0
2015,04,18,18,47,47.452,0,0
2015,04,18,18,47,47.452,0,0
2015,04,18,18,47,47.469,65,42886
2015,04,18,18,47,47.469,0,0
2015,04,18,18,47,47.469,0,0
2015,04,18,18,47,47.469,0,0
2015,04,18,18,47,47.469,0,0
2015,04,18,18,47,47.485,66,42905
2015,04,18,18,47,47.485,0,0
2015,04,18,18,47,47.485,0,0
2015,04,18,18,47,47.485,0,0
2015,04,18,18,47,47.485,0,0
2015,04,18,18,47,47.491,66,42905
2015,04,18,18,47,47.491,0,0
2015,04,18,18,47,47.491,0,0
2015,04,18,18,47,47.491,0,0
2015,04,18,18,47,47.491,0,0
2015,04,18,18,47,47.499,65,42927
2015,04,18,18,47,47.499,0,0
2015,04,18,18,47,47.499,0,0
2015,04,18,18,47,47.499,0,0
2015,04,18,18,47,47.499,0,0
2015,04,18,18,47,47.510,65,42927
2015,04,18,18,47,47.510,0,0
2015,04,18,18,47,47.510,0,0
2015,04,18,18,47,47.510,0,0
2015,04,18,18,47,47.510,0,0
2015,04,18,18,47,47.522,65,42947
2015,04,18,18,47,47.522,0,0
2015,04,18,18,47,47.522,0,0
2015,04,18,18,47,47.522,0,0
2015,04,18,18,47,47.522,0,0
2015,04,18,18,47,47.539,66,42966
2015,04,18,18,47,47.539,0,0
2015,04,18,18,47,47.539,0,0
2015,04,18,18,47,47.539,0,0
2015,04,18,18,47,47.539,0,0
2015,04,18,18,47,47.557,66,42966
2015,04,18,18,47,47.557,0,0
2015,04,18,18,47,47.557,0,0
2015,04,18,18,47,47.557,0,0
2015,04,18,18,47,47.557,0,0
2015,04,18,18,47,47.561,65,42986
2015,04,18,18,47,47.561,0,0
2015,04,18,18,47,47.561,0,0
2015,04,18,18,47,47.561,0,0
2015,04,18,18,47,47.561,0,0
2015,04,18,18,47,47.572,65,42986
2015,04,18,18,47,47.572,0,0
2015,04,18,18,47,47.572,0,0
2015,04,18,18,47,47.572,0,0
2015,04,18,18,47,47.572,0,0
2015,04,18,18,47,47.582,65,43006
2015,04,18,18,47,47.582,0,0
2015,04,18,18,47,47.582,0,0
2015,04,18,18,47,47.582,0,0
2015,04,18,18,47,47.582,0,0
2015,04,18,18,47,47.593,65,43006
2015,04,18,18,47,47.593,0,0
2015,04,18,18,47,47.593,0,0
2015,04,18,18,47,47.593,0,0
2015,04,18,18,47,47.593,0,0
2015,04,18,18,47,47.603,66,43026
2015,04,18,18,47,47.603,0,0
2015,04,18,18,47,47.603,0,0
2015,04,18,18,47,47.603,0,0
2015,04,18,18,47,47.603,0,0
2015,04,18,18,47,47.618,65,43045
2015,04,18,18,47,47.618,0,0
2015,04,18,18,47,47.618,0,0
2015,04,18,18,47,47.618,0,0
2015,04,18,18,47,47.618,0,0
2015,04,18,18,47,47.631,65,43045
2015,04,18,18,47,47.631,0,0
2015,04,18,18,47,47.631,0,0
2015,04,18,18,47,47.631,0,0
2015,04,18,18,47,47.631,0,0
2015,04,18,18,47,47.643,66,43067
2015,04,18,18,47,47.643,0,0
2015,04,18,18,47,47.643,0,0
2015,04,18,18,47,47.643,0,0
2015,04,18,18,47,47.643,0,0
2015,04,18,18,47,47.655,66,43067
2015,04,18,18,47,47.655,0,0
2015,04,18,18,47,47.655,0,0
2015,04,18,18,47,47.655,0,0
2015,04,18,18,47,47.655,0,0
2015,04,18,18,47,47.662,66,43087
2015,04,18,18,47,47.662,0,0
2015,04,18,18,47,47.662,0,0
2015,04,18,18,47,47.662,0,0
2015,04,18,18,47,47.662,0,0
2015,04,18,18,47,47.673,66,43087
2015,04,18,18,47,47.673,0,0
2015,04,18,18,47,47.673,0,0
2015,04,18,18,47,47.673,0,0
2015,04,18,18,47,47.673,0,0
2015,04,18,18,47,47.680,65,43107
2015,04,18,18,47,47.680,0,0
2015,04,18,18,47,47.680,0,0
2015,04,18,18,47,47.680,0,0
2015,04,18,18,47,47.680,0,0
2015,04,18,18,47,47.691,65,43126
2015,04,18,18,47,47.691,0,0
2015,04,18,18,47,47.691,0,0
2015,04,18,18,47,47.691,0,0
2015,04,18,18,47,47.691,0,0
2015,04,18,18,47,47.709,65,43126
2015,04,18,18,47,47.709,0,0
2015,04,18,18,47,47.709,0,0
2015,04,18,18,47,47.709,0,0
2015,04,18,18,47,47.709,0,0
2015,04,18,18,47,47.727,66,43146
2015,04,18,18,47,47.727,0,0
2015,04,18,18,47,47.727,0,0
2015,04,18,18,47,47.727,0,0
2015,04,18,18,47,47.727,0,0
2015,04,18,18,47,47.742,66,43165
2015,04,18,18,47,47.742,0,0
2015,04,18,18,47,47.742,0,0
2015,04,18,18,47,47.742,0,0
2015,04,18,18,47,47.742,0,0
2015,04,18,18,47,47.756,65,43186
2015,04,18,18,47,47.756,0,0
2015,04,18,18,47,47.756,0,0
2015,04,18,18,47,47.756,0,0
2015,04,18,18,47,47.756,0,0
2015,04,18,18,47,47.763,65,43186
2015,04,18,18,47,47.763,0,0
2015,04,18,18,47,47.763,0,0
2015,04,18,18,47,47.763,0,0
2015,04,18,18,47,47.763,0,0
2015,04,18,18,47,47.776,67,43206
2015,04,18,18,47,47.776,0,0
2015,04,18,18,47,47.776,0,0
2015,04,18,18,47,47.776,0,0
2015,04,18,18,47,47.776,0,0
2015,04,18,18,47,47.794,65,43225
2015,04,18,18,47,47.794,0,0
2015,04,18,18,47,47.794,0,0
2015,04,18,18,47,47.794,0,0
2015,04,18,18,47,47.794,0,0
2015,04,18,18,47,47.810,65,43225
2015,04,18,18,47,47.810,0,0
2015,04,18,18,47,47.810,0,0
2015,04,18,18,47,47.810,0,0
2015,04,18,18,47,47.810,0,0
2015,04,18,18,47,47.819,66,43247
2015,04,18,18,47,47.819,0,0
2015,04,18,18,47,47.819,0,0
2015,04,18,18,47,47.819,0,0
2015,04,18,18,47,47.819,0,0
2015,04,18,18,47,47.825,66,43247
2015,04,18,18,47,47.825,0,0
2015,04,18,18,47,47.825,0,0
2015,04,18,18,47,47.825,0,0
2015,04,18,18,47,47.825,0,0
2015,04,18,18,47,47.831,66,43267
2015,04,18,18,47,47.831,0,0
2015,04,18,18,47,47.831,0,0
2015,04,18,18,47,47.831,0,0
2015,04,18,18,47,47.831,0,0
2015,04,18,18,47,47.842,66,43267
2015,04,18,18,47,47.842,0,0
2015,04,18,18,47,47.842,0,0
2015,04,18,18,47,47.842,0,0
2015,04,18,18,47,47.842,0,0
2015,04,18,18,47,47.851,65,43287
2015,04,18,18,47,47.851,0,0
2015,04,18,18,47,47.851,0,0
2015,04,18,18,47,47.851,0,0
2015,04,18,18,47,47.851,0,0
2015,04,18,18,47,47.870,65,43287
2015,04,18,18,47,47.870,0,0
2015,04,18,18,47,47.870,0,0
2015,04,18,18,47,47.870,0,0
2015,04,18,18,47,47.870,0,0
2015,04,18,18,47,47.885,66,43307
2015,04,18,18,47,47.885,0,0
2015,04,18,18,47,47.885,0,0
2015,04,18,18,47,47.885,0,0
2015,04,18,18,47,47.885,0,0
2015,04,18,18,47,47.899,66,43326
2015,04,18,18,47,47.899,0,0
2015,04,18,18,47,47.899,0,0
2015,04,18,18,47,47.899,0,0
2015,04,18,18,47,47.899,0,0
2015,04,18,18,47,47.912,65,43345
2015,04,18,18,47,47.912,0,0
2015,04,18,18,47,47.912,0,0
2015,04,18,18,47,47.912,0,0
2015,04,18,18,47,47.912,0,0
2015,04,18,18,47,47.931,66,43366
2015,04,18,18,47,47.931,0,0
2015,04,18,18,47,47.931,0,0
2015,04,18,18,47,47.931,0,0
2015,04,18,18,47,47.931,0,0
2015,04,18,18,47,47.943,66,43366
2015,04,18,18,47,47.943,0,0
2015,04,18,18,47,47.943,0,0
2015,04,18,18,47,47.943,0,0
2015,04,18,18,47,47.943,0,0
2015,04,18,18,47,47.951,66,43386
2015,04,18,18,47,47.951,0,0
2015,04,18,18,47,47.951,0,0
2015,04,18,18,47,47.951,0,0
2015,04,18,18,47,47.951,0,0
2015,04,18,18,47,47.969,65,43405
2015,04,18,18,47,47.969,0,0
2015,04,18,18,47,47.969,0,0
2015,04,18,18,47,47.969,0,0
2015,04,18,18,47,47.969,0,0
2015,04,18,18,47,47.993,66,43426
2015,04,18,18,47,47.993,0,0
2015,04,18,18,47,47.993,0,0
2015,04,18,18,47,47.993,0,0
2015,04,18,18,47,47.993,0,0
2015,04,18,18,47,48.003,66,43445
2015,04,18,18,47,48.003,0,0
2015,04,18,18,47,48.003,0,0
2015,04,18,18,47,48.003,0,0
2015,04,18,18,47,48.003,0,0
2015,04,18,18,47,48.015,66,43445
2015,04,18,18,47,48.015,0,0
2015,04,18,18,47,48.015,0,0
2015,04,18,18,47,48.015,0,0
2015,04,18,18,47,48.015,0,0
2015,04,18,18,47,48.022,65,43467
2015,04,18,18,47,48.022,0,0
2015,04,18,18,47,48.022,0,0
2015,04,18,18,47,48.022,0,0
2015,04,18,18,47,48.022,0,0
2015,04,18,18,47,48.035,65,43467
2015,04,18,18,47,48.035,0,0
2015,04,18,18,47,48.035,0,0
2015,04,18,18,47,48.035,0,0
2015,04,18,18,47,48.035,0,0
2015,04,18,18,47,48.048,67,43487
2015,04,18,18,47,48.048,0,0
2015,04,18,18,47,48.048,0,0
2015,04,18,18,47,48.048,0,0
2015,04,18,18,47,48.048,0,0
2015,04,18,18,47,48.056,67,43487
2015,04,18,18,47,48.056,0,0
2015,04,18,18,47,48.056,0,0
2015,04,18,18,47,48.056,0,0
2015,04,18,18,47,48.056,0,0
2015,04,18,18,47,48.067,66,43507
2015,04,18,18,47,48.067,0,0
2015,04,18,18,47,48.067,0,0
2015,04,18,18,47,48.067,0,0
2015,04,18,18,47,48.067,0,0
2015,04,18,18,47,48.081,66,43507
2015,04,18,18,47,48.081,0,0
2015,04,18,18,47,48.081,0,0
2015,04,18,18,47,48.081,0,0
2015,04,18,18,47,48.081,0,0
2015,04,18,18,47,48.099,66,43527
2015,04,18,18,47,48.099,0,0
2015,04,18,18,47,48.099,0,0
2015,04,18,18,47,48.099,0,0
2015,04,18,18,47,48.099,0,0
2015,04,18,18,47,48.113,67,43546
2015,04,18,18,47,48.113,0,0
2015,04,18,18,47,48.113,0,0
2015,04,18,18,47,48.113,0,0
2015,04,18,18,47,48.113,0,0
2015,04,18,18,47,48.127,67,43565
2015,04,18,18,47,48.127,0,0
2015,04,18,18,47,48.127,0,0
2015,04,18,18,47,48.127,0,0
2015,04,18,18,47,48.127,0,0
2015,04,18,18,47,48.134,67,43565
2015,04,18,18,47,48.134,0,0
2015,04,18,18,47,48.134,0,0
2015,04,18,18,47,48.134,0,0
2015,04,18,18,47,48.134,0,0
2015,04,18,18,47,48.148,66,43587
2015,04,18,18,47,48.148,0,0
2015,04,18,18,47,48.148,0,0
2015,04,18,18,47,48.148,0,0
2015,04,18,18,47,48.148,0,0
2015,04,18,18,47,48.164,67,43606
2015,04,18,18,47,48.164,0,0
2015,04,18,18,47,48.164,0,0
2015,04,18,18,47,48.164,0,0
2015,04,18,18,47,48.164,0,0
2015,04,18,18,47,48.175,67,43606
2015,04,18,18,47,48.175,0,0
2015,04,18,18,47,48.175,0,0
2015,04,18,18,47,48.175,0,0
2015,04,18,18,47,48.175,0,0
2015,04,18,18,47,48.184,66,43626
2015,04,18,18,47,48.184,0,0
2015,04,18,18,47,48.184,0,0
2015,04,18,18,47,48.184,0,0
2015,04,18,18,47,48.184,0,0
2015,04,18,18,47,48.195,66,43626
2015,04,18,18,47,48.195,0,0
2015,04,18,18,47,48.195,0,0
2015,04,18,18,47,48.195,0,0
2015,04,18,18,47,48.195,0,0
2015,04,18,18,47,48.204,66,43646
2015,04,18,18,47,48.204,0,0
2015,04,18,18,47,48.204,0,0
2015,04,18,18,47,48.204,0,0
2015,04,18,18,47,48.204,0,0
2015,04,18,18,47,48.210,66,43646
2015,04,18,18,47,48.210,0,0
2015,04,18,18,47,48.210,0,0
2015,04,18,18,47,48.210,0,0
2015,04,18,18,47,48.210,0,0
2015,04,18,18,47,48.220,67,43666
2015,04,18,18,47,48.220,0,0
2015,04,18,18,47,48.220,0,0
2015,04,18,18,47,48.220,0,0
2015,04,18,18,47,48.220,0,0
2015,04,18,18,47,48.234,67,43666
2015,04,18,18,47,48.234,0,0
2015,04,18,18,47,48.234,0,0
2015,04,18,18,47,48.234,0,0
2015,04,18,18,47,48.234,0,0
2015,04,18,18,47,48.251,66,43686
2015,04,18,18,47,48.251,0,0
2015,04,18,18,47,48.251,0,0
2015,04,18,18,47,48.251,0,0
2015,04,18,18,47,48.251,0,0
2015,04,18,18,47,48.261,66,43705
2015,04,18,18,47,48.261,0,0
2015,04,18,18,47,48.261,0,0
2015,04,18,18,47,48.261,0,0
2015,04,18,18,47,48.261,0,0
2015,04,18,18,47,48.277,67,43726
2015,04,18,18,47,48.277,0,0
2015,04,18,18,47,48.277,0,0
2015,04,18,18,47,48.277,0,0
2015,04,18,18,47,48.277,0,0
2015,04,18,18,47,48.296,67,43726
2015,04,18,18,47,48.296,0,0
2015,04,18,18,47,48.296,0,0
2015,04,18,18,47,48.296,0,0
2015,04,18,18,47,48.296,0,0
2015,04,18,18,47,48.319,66,43746
2015,04,18,18,47,48.319,0,0
2015,04,18,18,47,48.319,0,0
2015,04,18,18,47,48.319,0,0
2015,04,18,18,47,48.319,0,0
2015,04,18,18,47,48.335,66,43765
2015,04,18,18,47,48.335,0,0
2015,04,18,18,47,48.335,0,0
2015,04,18,18,47,48.335,0,0
2015,04,18,18,47,48.335,0,0
2015,04,18,18,47,48.347,67,43786
2015,04,18,18,47,48.347,0,0
2015,04,18,18,47,48.347,0,0
2015,04,18,18,47,48.347,0,0
2015,04,18,18,47,48.347,0,0
2015,04,18,18,47,48.360,67,43805
2015,04,18,18,47,48.360,0,0
2015,04,18,18,47,48.360,0,0
2015,04,18,18,47,48.360,0,0
2015,04,18,18,47,48.360,0,0
2015,04,18,18,47,48.379,67,43805
2015,04,18,18,47,48.379,0,0
2015,04,18,18,47,48.379,0,0
2015,04,18,18,47,48.379,0,0
2015,04,18,18,47,48.379,0,0
2015,04,18,18,47,48.384,66,43827
2015,04,18,18,47,48.384,0,0
2015,04,18,18,47,48.384,0,0
2015,04,18,18,47,48.384,0,0
2015,04,18,18,47,48.384,0,0
2015,04,18,18,47,48.395,66,43827
2015,04,18,18,47,48.395,0,0
2015,04,18,18,47,48.395,0,0
2015,04,18,18,47,48.395,0,0
2015,04,18,18,47,48.395,0,0
2015,04,18,18,47,48.424,67,43847
2015,04,18,18,47,48.424,0,0
2015,04,18,18,47,48.424,0,0
2015,04,18,18,47,48.424,0,0
2015,04,18,18,47,48.424,0,0
2015,04,18,18,47,48.437,66,43866
2015,04,18,18,47,48.437,0,0
2015,04,18,18,47,48.437,0,0
2015,04,18,18,47,48.437,0,0
2015,04,18,18,47,48.437,0,0
2015,04,18,18,47,48.453,66,43885
2015,04,18,18,47,48.453,0,0
2015,04,18,18,47,48.453,0,0
2015,04,18,18,47,48.453,0,0
2015,04,18,18,47,48.453,0,0
2015,04,18,18,47,48.460,66,43885
2015,04,18,18,47,48.460,0,0
2015,04,18,18,47,48.460,0,0
2015,04,18,18,47,48.460,0,0
2015,04,18,18,47,48.460,0,0
2015,04,18,18,47,48.473,67,43907
2015,04,18,18,47,48.473,0,0
2015,04,18,18,47,48.473,0,0
2015,04,18,18,47,48.473,0,0
2015,04,18,18,47,48.473,0,0
2015,04,18,18,47,48.482,65,43926
2015,04,18,18,47,48.482,0,0
2015,04,18,18,47,48.482,0,0
2015,04,18,18,47,48.482,0,0
2015,04,18,18,47,48.482,0,0
2015,04,18,18,47,48.496,66,43945
2015,04,18,18,47,48.496,0,0
2015,04,18,18,47,48.496,0,0
2015,04,18,18,47,48.496,0,0
2015,04,18,18,47,48.496,0,0
2015,04,18,18,47,48.511,67,43966
2015,04,18,18,47,48.511,0,0
2015,04,18,18,47,48.511,0,0
2015,04,18,18,47,48.511,0,0
2015,04,18,18,47,48.511,0,0
2015,04,18,18,47,48.526,67,43966
2015,04,18,18,47,48.526,0,0
2015,04,18,18,47,48.526,0,0
2015,04,18,18,47,48.526,0,0
2015,04,18,18,47,48.526,0,0
2015,04,18,18,47,48.545,65,43986
2015,04,18,18,47,48.545,0,0
2015,04,18,18,47,48.545,0,0
2015,04,18,18,47,48.545,0,0
2015,04,18,18,47,48.545,0,0
2015,04,18,18,47,48.563,66,44005
2015,04,18,18,47,48.563,0,0
2015,04,18,18,47,48.563,0,0
2015,04,18,18,47,48.563,0,0
2015,04,18,18,47,48.563,0,0
2015,04,18,18,47,48.574,66,44005
2015,04,18,18,47,48.574,0,0
2015,04,18,18,47,48.574,0,0
2015,04,18,18,47,48.574,0,0
2015,04,18,18,47,48.574,0,0
2015,04,18,18,47,48.578,66,44027
2015,04,18,18,47,48.578,0,0
2015,04,18,18,47,48.578,0,0
2015,04,18,18,47,48.578,0,0
2015,04,18,18,47,48.578,0,0
2015,04,18,18,47,48.591,66,44027
2015,04,18,18,47,48.591,0,0
2015,04,18,18,47,48.591,0,0
2015,04,18,18,47,48.591,0,0
2015,04,18,18,47,48.591,0,0
2015,04,18,18,47,48.604,65,44047
2015,04,18,18,47,48.604,0,0
2015,04,18,18,47,48.604,0,0
2015,04,18,18,47,48.604,0,0
2015,04,18,18,47,48.604,0,0
2015,04,18,18,47,48.611,67,44066
2015,04,18,18,47,48.611,0,0
2015,04,18,18,47,48.611,0,0
2015,04,18,18,47,48.611,0,0
2015,04,18,18,47,48.611,0,0
2015,04,18,18,47,48.623,67,44066
2015,04,18,18,47,48.623,0,0
2015,04,18,18,47,48.623,0,0
2015,04,18,18,47,48.623,0,0
2015,04,18,18,47,48.623,0,0
2015,04,18,18,47,48.650,67,44086
2015,04,18,18,47,48.650,0,0
2015,04,18,18,47,48.650,0,0
2015,04,18,18,47,48.650,0,0
2015,04,18,18,47,48.650,0,0
2015,04,18,18,47,48.660,66,44105
2015,04,18,18,47,48.660,0,0
2015,04,18,18,47,48.660,0,0
2015,04,18,18,47,48.660,0,0
2015,04,18,18,47,48.660,0,0
2015,04,18,18,47,48.673,66,44105
2015,04,18,18,47,48.673,0,0
2015,04,18,18,47,48.673,0,0
2015,04,18,18,47,48.673,0,0
2015,04,18,18,47,48.673,0,0
2015,04,18,18,47,48.687,67,44127
2015,04,18,18,47,48.687,0,0
2015,04,18,18,47,48.687,0,0
2015,04,18,18,47,48.687,0,0
2015,04,18,18,47,48.687,0,0
2015,04,18,18,47,48.694,67,44146
2015,04,18,18,47,48.694,0,0
2015,04,18,18,47,48.694,0,0
2015,04,18,18,47,48.694,0,0
2015,04,18,18,47,48.694,0,0
2015,04,18,18,47,48.705,67,44146
2015,04,18,18,47,48.705,0,0
2015,04,18,18,47,48.705,0,0
2015,04,18,18,47,48.705,0,0
2015,04,18,18,47,48.705,0,0
2015,04,18,18,47,48.719,65,44166
2015,04,18,18,47,48.719,0,0
2015,04,18,18,47,48.719,0,0
2015,04,18,18,47,48.719,0,0
2015,04,18,18,47,48.719,0,0
2015,04,18,18,47,48.731,66,44185
2015,04,18,18,47,48.731,0,0
2015,04,18,18,47,48.731,0,0
2015,04,18,18,47,48.731,0,0
2015,04,18,18,47,48.731,0,0
2015,04,18,18,47,48.745,66,44185
2015,04,18,18,47,48.745,0,0
2015,04,18,18,47,48.745,0,0
2015,04,18,18,47,48.745,0,0
2015,04,18,18,47,48.745,0,0
2015,04,18,18,47,48.747,66,44207
2015,04,18,18,47,48.747,0,0
2015,04,18,18,47,48.747,0,0
2015,04,18,18,47,48.747,0,0
2015,04,18,18,47,48.747,0,0
2015,04,18,18,47,48.760,66,44207
2015,04,18,18,47,48.760,0,0
2015,04,18,18,47,48.760,0,0
2015,04,18,18,47,48.760,0,0
2015,04,18,18,47,48.760,0,0
2015,04,18,18,47,48.787,66,44227
2015,04,18,18,47,48.787,0,0
2015,04,18,18,47,48.787,0,0
2015,04,18,18,47,48.787,0,0
2015,04,18,18,47,48.787,0,0
2015,04,18,18,47,48.799,67,44246
2015,04,18,18,47,48.799,0,0
2015,04,18,18,47,48.799,0,0
2015,04,18,18,47,48.799,0,0
2015,04,18,18,47,48.799,0,0
2015,04,18,18,47,48.808,67,44265
2015,04,18,18,47,48.808,0,0
2015,04,18,18,47,48.808,0,0
2015,04,18,18,47,48.808,0,0
2015,04,18,18,47,48.808,0,0
2015,04,18,18,47,48.819,67,44265
2015,04,18,18,47,48.819,0,0
2015,04,18,18,47,48.819,0,0
2015,04,18,18,47,48.819,0,0
2015,04,18,18,47,48.819,0,0
2015,04,18,18,47,48.835,66,44287
2015,04,18,18,47,48.835,0,0
2015,04,18,18,47,48.835,0,0
2015,04,18,18,47,48.835,0,0
2015,04,18,18,47,48.835,0,0
2015,04,18,18,47,48.848,67,44306
2015,04,18,18,47,48.848,0,0
2015,04,18,18,47,48.848,0,0
2015,04,18,18,47,48.848,0,0
2015,04,18,18,47,48.848,0,0
2015,04,18,18,47,48.871,67,44325
2015,04,18,18,47,48.871,0,0
2015,04,18,18,47,48.871,0,0
2015,04,18,18,47,48.871,0,0
2015,04,18,18,47,48.871,0,0
2015,04,18,18,47,48.884,67,44325
2015,04,18,18,47,48.884,0,0
2015,04,18,18,47,48.884,0,0
2015,04,18,18,47,48.884,0,0
2015,04,18,18,47,48.884,0,0
2015,04,18,18,47,48.900,66,44347
2015,04,18,18,47,48.900,0,0
2015,04,18,18,47,48.900,0,0
2015,04,18,18,47,48.900,0,0
2015,04,18,18,47,48.900,0,0
2015,04,18,18,47,48.913,67,44366
2015,04,18,18,47,48.913,0,0
2015,04,18,18,47,48.913,0,0
2015,04,18,18,47,48.913,0,0
2015,04,18,18,47,48.913,0,0
2015,04,18,18,47,48.918,67,44366
2015,04,18,18,47,48.918,0,0
2015,04,18,18,47,48.918,0,0
2015,04,18,18,47,48.918,0,0
2015,04,18,18,47,48.918,0,0
2015,04,18,18,47,48.923,66,44386
2015,04,18,18,47,48.923,0,0
2015,04,18,18,47,48.923,0,0
2015,04,18,18,47,48.923,0,0
2015,04,18,18,47,48.923,0,0
2015,04,18,18,47,48.940,66,44386
2015,04,18,18,47,48.940,0,0
2015,04,18,18,47,48.940,0,0
2015,04,18,18,47,48.940,0,0
2015,04,18,18,47,48.940,0,0
2015,04,18,18,47,48.955,66,44406
2015,04,18,18,47,48.955,0,0
2015,04,18,18,47,48.955,0,0
2015,04,18,18,47,48.955,0,0
2015,04,18,18,47,48.955,0,0
2015,04,18,18,47,48.964,67,44425
2015,04,18,18,47,48.964,0,0
2015,04,18,18,47,48.964,0,0
2015,04,18,18,47,48.964,0,0
2015,04,18,18,47,48.964,0,0
2015,04,18,18,47,48.973,67,44425
2015,04,18,18,47,48.973,0,0
2015,04,18,18,47,48.973,0,0
2015,04,18,18,47,48.973,0,0
2015,04,18,18,47,48.973,0,0
2015,04,18,18,47,48.992,65,44447
2015,04,18,18,47,48.992,0,0
2015,04,18,18,47,48.992,0,0
2015,04,18,18,47,48.992,0,0
2015,04,18,18,47,48.992,0,0
2015,04,18,18,47,48.994,65,44447
2015,04,18,18,47,48.994,0,0
2015,04,18,18,47,48.994,0,0
2015,04,18,18,47,48.994,0,0
2015,04,18,18,47,48.994,0,0
2015,04,18,18,47,49.019,66,44467
2015,04,18,18,47,49.019,0,0
2015,04,18,18,47,49.019,0,0
2015,04,18,18,47,49.019,0,0
2015,04,18,18,47,49.019,0,0
2015,04,18,18,47,49.029,67,44486
2015,04,18,18,47,49.029,0,0
2015,04,18,18,47,49.029,0,0
2015,04,18,18,47,49.029,0,0
2015,04,18,18,47,49.029,0,0
2015,04,18,18,47,49.049,66,44505
2015,04,18,18,47,49.049,0,0
2015,04,18,18,47,49.049,0,0
2015,04,18,18,47,49.049,0,0
2015,04,18,18,47,49.049,0,0
2015,04,18,18,47,49.061,66,44526
2015,04,18,18,47,49.061,0,0
2015,04,18,18,47,49.061,0,0
2015,04,18,18,47,49.061,0,0
2015,04,18,18,47,49.061,0,0
2015,04,18,18,47,49.086,66,44545
2015,04,18,18,47,49.086,0,0
2015,04,18,18,47,49.086,0,0
2015,04,18,18,47,49.086,0,0
2015,04,18,18,47,49.086,0,0
2015,04,18,18,47,49.107,65,44566
2015,04,18,18,47,49.107,0,0
2015,04,18,18,47,49.107,0,0
2015,04,18,18,47,49.107,0,0
2015,04,18,18,47,49.107,0,0
2015,04,18,18,47,49.123,65,44585
2015,04,18,18,47,49.123,0,0
2015,04,18,18,47,49.123,0,0
2015,04,18,18,47,49.123,0,0
2015,04,18,18,47,49.123,0,0
2015,04,18,18,47,49.132,65,44585
2015,04,18,18,47,49.132,0,0
2015,04,18,18,47,49.132,0,0
2015,04,18,18,47,49.132,0,0
2015,04,18,18,47,49.132,0,0
2015,04,18,18,47,49.144,67,44607
2015,04,18,18,47,49.144,0,0
2015,04,18,18,47,49.144,0,0
2015,04,18,18,47,49.144,0,0
2015,04,18,18,47,49.144,0,0
2015,04,18,18,47,49.154,67,44607
2015,04,18,18,47,49.154,0,0
2015,04,18,18,47,49.154,0,0
2015,04,18,18,47,49.154,0,0
2015,04,18,18,47,49.154,0,0
2015,04,18,18,47,49.171,65,44627
2015,04,18,18,47,49.171,0,0
2015,04,18,18,47,49.171,0,0
2015,04,18,18,47,49.171,0,0
2015,04,18,18,47,49.171,0,0
2015,04,18,18,47,49.176,65,44627
2015,04,18,18,47,49.176,0,0
2015,04,18,18,47,49.176,0,0
2015,04,18,18,47,49.176,0,0
2015,04,18,18,47,49.176,0,0
2015,04,18,18,47,49.189,66,44647
2015,04,18,18,47,49.189,0,0
2015,04,18,18,47,49.189,0,0
2015,04,18,18,47,49.189,0,0
2015,04,18,18,47,49.189,0,0
2015,04,18,18,47,49.203,67,44666
2015,04,18,18,47,49.203,0,0
2015,04,18,18,47,49.203,0,0
2015,04,18,18,47,49.203,0,0
2015,04,18,18,47,49.203,0,0
2015,04,18,18,47,49.215,67,44666
2015,04,18,18,47,49.215,0,0
2015,04,18,18,47,49.215,0,0
2015,04,18,18,47,49.215,0,0
2015,04,18,18,47,49.215,0,0
2015,04,18,18,47,49.224,65,44686
2015,04,18,18,47,49.224,0,0
2015,04,18,18,47,49.224,0,0
2015,04,18,18,47,49.224,0,0
2015,04,18,18,47,49.224,0,0
2015,04,18,18,47,49.239,66,44705
2015,04,18,18,47,49.239,0,0
2015,04,18,18,47,49.239,0,0
2015,04,18,18,47,49.239,0,0
2015,04,18,18,47,49.239,0,0
2015,04,18,18,47,49.255,66,44705
2015,04,18,18,47,49.255,0,0
2015,04,18,18,47,49.255,0,0
2015,04,18,18,47,49.255,0,0
2015,04,18,18,47,49.255,0,0
2015,04,18,18,47,49.259,66,44727
2015,04,18,18,47,49.259,0,0
2015,04,18,18,47,49.259,0,0
2015,04,18,18,47,49.259,0,0
2015,04,18,18,47,49.259,0,0
2015,04,18,18,47,49.307,66,44727
2015,04,18,18,47,49.307,0,0
2015,04,18,18,47,49.307,0,0
2015,04,18,18,47,49.307,0,0
2015,04,18,18,47,49.307,0,0
2015,04,18,18,47,49.309,65,44747
2015,04,18,18,47,49.309,0,0
2015,04,18,18,47,49.309,0,0
2015,04,18,18,47,49.309,0,0
2015,04,18,18,47,49.309,0,0
2015,04,18,18,47,49.310,65,44747
2015,04,18,18,47,49.310,0,0
2015,04,18,18,47,49.310,0,0
2015,04,18,18,47,49.310,0,0
2015,04,18,18,47,49.310,0,0
2015,04,18,18,47,49.329,67,44767
2015,04,18,18,47,49.329,0,0
2015,04,18,18,47,49.329,0,0
2015,04,18,18,47,49.329,0,0
2015,04,18,18,47,49.329,0,0
2015,04,18,18,47,49.330,67,44786
2015,04,18,18,47,49.330,0,0
2015,04,18,18,47,49.330,0,0
2015,04,18,18,47,49.330,0,0
2015,04,18,18,47,49.330,0,0
2015,04,18,18,47,49.337,66,44805
2015,04,18,18,47,49.337,0,0
2015,04,18,18,47,49.337,0,0
2015,04,18,18,47,49.337,0,0
2015,04,18,18,47,49.337,0,0
2015,04,18,18,47,49.347,66,44805
2015,04,18,18,47,49.347,0,0
2015,04,18,18,47,49.347,0,0
2015,04,18,18,47,49.347,0,0
2015,04,18,18,47,49.347,0,0
2015,04,18,18,47,49.363,67,44827
2015,04,18,18,47,49.363,0,0
2015,04,18,18,47,49.363,0,0
2015,04,18,18,47,49.363,0,0
2015,04,18,18,47,49.363,0,0
2015,04,18,18,47,49.372,67,44846
2015,04,18,18,47,49.372,0,0
2015,04,18,18,47,49.372,0,0
2015,04,18,18,47,49.372,0,0
2015,04,18,18,47,49.372,0,0
2015,04,18,18,47,49.392,67,44846
2015,04,18,18,47,49.392,0,0
2015,04,18,18,47,49.392,0,0
2015,04,18,18,47,49.392,0,0
2015,04,18,18,47,49.392,0,0
2015,04,18,18,47,49.405,65,44866
2015,04,18,18,47,49.405,0,0
2015,04,18,18,47,49.405,0,0
2015,04,18,18,47,49.405,0,0
2015,04,18,18,47,49.405,0,0
2015,04,18,18,47,49.419,66,44885
2015,04,18,18,47,49.419,0,0
2015,04,18,18,47,49.419,0,0
2015,04,18,18,47,49.419,0,0
2015,04,18,18,47,49.419,0,0
2015,04,18,18,47,49.431,66,44885
2015,04,18,18,47,49.431,0,0
2015,04,18,18,47,49.431,0,0
2015,04,18,18,47,49.431,0,0
2015,04,18,18,47,49.431,0,0
2015,04,18,18,47,49.439,66,44907
2015,04,18,18,47,49.439,0,0
2015,04,18,18,47,49.439,0,0
2015,04,18,18,47,49.439,0,0
2015,04,18,18,47,49.439,0,0
2015,04,18,18,47,49.449,65,44926
2015,04,18,18,47,49.449,0,0
2015,04,18,18,47,49.449,0,0
2015,04,18,18,47,49.449,0,0
2015,04,18,18,47,49.449,0,0
2015,04,18,18,47,49.459,65,44926
2015,04,18,18,47,49.459,0,0
2015,04,18,18,47,49.459,0,0
2015,04,18,18,47,49.459,0,0
2015,04,18,18,47,49.459,0,0
2015,04,18,18,47,49.475,67,44946
2015,04,18,18,47,49.475,0,0
2015,04,18,18,47,49.475,0,0
2015,04,18,18,47,49.475,0,0
2015,04,18,18,47,49.475,0,0
2015,04,18,18,47,49.488,67,44965
2015,04,18,18,47,49.488,0,0
2015,04,18,18,47,49.488,0,0
2015,04,18,18,47,49.488,0,0
2015,04,18,18,47,49.488,0,0
