2015,04,18,18,53,19.854,57,110
2015,04,18,18,53,19.854,57,210
2015,04,18,18,53,19.854,56,310
2015,04,18,18,53,19.854,55,410
2015,04,18,18,53,19.854,56,510
2015,04,18,18,53,20.322,56,611
2015,04,18,18,53,20.322,55,711
2015,04,18,18,53,20.322,55,811
2015,04,18,18,53,20.322,56,911
2015,04,18,18,53,20.322,55,1011
2015,04,18,18,53,20.808,55,1112
2015,04,18,18,53,20.808,55,1210
2015,04,18,18,53,20.808,55,1310
2015,04,18,18,53,20.808,55,1410
2015,04,18,18,53,20.808,55,1510
2015,04,18,18,53,21.298,56,1611
2015,04,18,18,53,21.298,55,1711
2015,04,18,18,53,21.298,55,1811
2015,04,18,18,53,21.298,55,1911
2015,04,18,18,53,21.298,56,2011
2015,04,18,18,53,21.792,55,2112
2015,04,18,18,53,21.792,55,2210
2015,04,18,18,53,21.792,56,2310
2015,04,18,18,53,21.792,55,2410
2015,04,18,18,53,21.792,54,2510
2015,04,18,18,53,22.269,56,2611
2015,04,18,18,53,22.269,56,2711
2015,04,18,18,53,22.269,55,2811
2015,04,18,18,53,22.269,55,2911
2015,04,18,18,53,22.269,55,3011
2015,04,18,18,53,22.767,56,3112
2015,04,18,18,53,22.767,55,3210
2015,04,18,18,53,22.767,55,3310
2015,04,18,18,53,22.767,56,3410
2015,04,18,18,53,22.767,55,3510
2015,04,18,18,53,23.253,55,3611
2015,04,18,18,53,23.253,55,3711
2015,04,18,18,53,23.253,56,3811
2015,04,18,18,53,23.253,55,3911
2015,04,18,18,53,23.253,55,4011
2015,04,18,18,53,23.738,55,4112
2015,04,18,18,53,23.738,55,4210
2015,04,18,18,53,23.738,55,4310
2015,04,18,18,53,23.738,56,4410
2015,04,18,18,53,23.738,56,4510
2015,04,18,18,53,24.230,55,4611
2015,04,18,18,53,24.230,55,4711
2015,04,18,18,53,24.230,56,4811
2015,04,18,18,53,24.230,55,4911
2015,04,18,18,53,24.230,55,5011
2015,04,18,18,53,24.716,55,5112
2015,04,18,18,53,24.716,56,5210
2015,04,18,18,53,24.716,55,5310
2015,04,18,18,53,24.716,55,5410
2015,04,18,18,53,24.716,56,5510
2015,04,18,18,53,25.206,55,5611
2015,04,18,18,53,25.206,55,5711
2015,04,18,18,53,25.206,55,5811
2015,04,18,18,53,25.206,56,5911
2015,04,18,18,53,25.206,55,6011
2015,04,18,18,53,25.696,55,6112
2015,04,18,18,53,25.696,56,6210
2015,04,18,18,53,25.696,55,6310
2015,04,18,18,53,25.696,55,6410
2015,04,18,18,53,25.696,55,6510
2015,04,18,18,53,26.179,57,6611
2015,04,18,18,53,26.179,55,6711
2015,04,18,18,53,26.179,55,6811
2015,04,18,18,53,26.179,55,6911
2015,04,18,18,53,26.179,56,7011
2015,04,18,18,53,26.670,55,7112
2015,04,18,18,53,26.670,55,7210
2015,04,18,18,53,26.670,56,7310
2015,04,18,18,53,26.670,55,7410
2015,04,18,18,53,26.670,55,7510
2015,04,18,18,53,27.160,55,7611
2015,04,18,18,53,27.160,56,7711
2015,04,18,18,53,27.160,55,7811
2015,04,18,18,53,27.160,55,7911
2015,04,18,18,53,27.160,55,8011
2015,04,18,18,53,27.643,56,8112
2015,04,18,18,53,27.643,55,8210
2015,04,18,18,53,27.643,55,8310
2015,04,18,18,53,27.643,56,8410
2015,04,18,18,53,27.643,55,8510
2015,04,18,18,53,28.137,55,8611
2015,04,18,18,53,28.137,55,8711
2015,04,18,18,53,28.137,56,8811
2015,04,18,18,53,28.137,55,8911
2015,04,18,18,53,28.137,55,9011
2015,04,18,18,53,28.626,55,9112
2015,04,18,18,53,28.626,55,9210
2015,04,18,18,53,28.626,55,9310
2015,04,18,18,53,28.626,55,9410
2015,04,18,18,53,28.626,56,9510
2015,04,18,18,53,29.110,56,9611
2015,04,18,18,53,29.110,55,9711
2015,04,18,18,53,29.110,55,9811
2015,04,18,18,53,29.110,56,9911
2015,04,18,18,53,29.110,55,10011
2015,04,18,18,53,29.602,55,10112
2015,04,18,18,53,29.602,55,10210
2015,04,18,18,53,29.602,55,10310
2015,04,18,18,53,29.602,55,10410
2015,04,18,18,53,29.602,55,10510
2015,04,18,18,53,30.094,54,10611
2015,04,18,18,53,30.094,11,10711
2015,04,18,18,53,30.094,10,10811
2015,04,18,18,53,30.094,9,10911
2015,04,18,18,53,30.094,8,11011
2015,04,18,18,53,30.579,7,11112
2015,04,18,18,53,30.579,6,11210
2015,04,18,18,53,30.579,6,11310
2015,04,18,18,53,30.579,5,11410
2015,04,18,18,53,30.579,5,11510
2015,04,18,18,53,31.072,5,11611
2015,04,18,18,53,31.072,5,11711
2015,04,18,18,53,31.072,5,11811
2015,04,18,18,53,31.072,5,11911
2015,04,18,18,53,31.072,5,12011
2015,04,18,18,53,31.551,5,12112
2015,04,18,18,53,31.551,5,12210
2015,04,18,18,53,31.551,5,12310
2015,04,18,18,53,31.551,5,12410
2015,04,18,18,53,31.551,5,12510
2015,04,18,18,53,32.046,5,12611
2015,04,18,18,53,32.046,5,12711
2015,04,18,18,53,32.046,5,12811
2015,04,18,18,53,32.046,5,12911
2015,04,18,18,53,32.046,5,13011
2015,04,18,18,53,32.525,5,13112
2015,04,18,18,53,32.525,5,13210
2015,04,18,18,53,32.525,5,13310
2015,04,18,18,53,32.525,8,13410
2015,04,18,18,53,32.525,8,13510
2015,04,18,18,53,33.020,9,13611
2015,04,18,18,53,33.020,11,13711
2015,04,18,18,53,33.020,53,13811
2015,04,18,18,53,33.020,54,13911
2015,04,18,18,53,33.020,54,14011
2015,04,18,18,53,33.506,55,14112
2015,04,18,18,53,33.506,56,14211
2015,04,18,18,53,33.506,55,14311
2015,04,18,18,53,33.506,55,14411
2015,04,18,18,53,33.506,55,14511
2015,04,18,18,53,33.992,55,14612
2015,04,18,18,53,33.992,55,14710
2015,04,18,18,53,33.992,55,14810
2015,04,18,18,53,33.992,56,14910
2015,04,18,18,53,33.992,55,15010
2015,04,18,18,53,34.485,55,15111
2015,04,18,18,53,34.485,55,15211
2015,04,18,18,53,34.485,56,15311
2015,04,18,18,53,34.485,55,15411
2015,04,18,18,53,34.485,55,15511
2015,04,18,18,53,34.967,55,15612
2015,04,18,18,53,34.967,55,15710
2015,04,18,18,53,34.967,55,15810
2015,04,18,18,53,34.967,55,15910
2015,04,18,18,53,34.967,56,16010
2015,04,18,18,53,35.460,56,16111
2015,04,18,18,53,35.460,55,16211
2015,04,18,18,53,35.460,55,16311
2015,04,18,18,53,35.460,56,16411
2015,04,18,18,53,35.460,55,16511
2015,04,18,18,53,35.950,55,16612
2015,04,18,18,53,35.950,55,16710
2015,04,18,18,53,35.950,55,16810
2015,04,18,18,53,35.950,54,16910
2015,04,18,18,53,35.950,53,17011
2015,04,18,18,53,36.435,46,17112
2015,04,18,18,53,36.435,21,17210
2015,04,18,18,53,36.435,11,17310
2015,04,18,18,53,36.435,11,17410
2015,04,18,18,53,36.435,11,17510
2015,04,18,18,53,36.925,11,17611
2015,04,18,18,53,36.925,10,17711
2015,04,18,18,53,36.925,10,17811
2015,04,18,18,53,36.925,10,17911
2015,04,18,18,53,36.925,9,18011
2015,04,18,18,53,37.408,9,18112
2015,04,18,18,53,37.408,9,18210
2015,04,18,18,53,37.408,9,18310
2015,04,18,18,53,37.408,9,18410
2015,04,18,18,53,37.408,9,18510
2015,04,18,18,53,37.894,9,18611
2015,04,18,18,53,37.894,8,18711
2015,04,18,18,53,37.894,8,18811
2015,04,18,18,53,37.894,9,18911
2015,04,18,18,53,37.894,8,19011
2015,04,18,18,53,38.390,8,19112
2015,04,18,18,53,38.390,8,19210
2015,04,18,18,53,38.390,8,19310
2015,04,18,18,53,38.390,8,19410
2015,04,18,18,53,38.390,9,19510
2015,04,18,18,53,38.877,10,19611
2015,04,18,18,53,38.877,11,19711
2015,04,18,18,53,38.877,11,19810
2015,04,18,18,53,38.877,12,19910
2015,04,18,18,53,38.877,31,20010
2015,04,18,18,53,39.368,52,20111
2015,04,18,18,53,39.368,53,20211
2015,04,18,18,53,39.368,54,20311
2015,04,18,18,53,39.368,54,20411
2015,04,18,18,53,39.368,54,20511
2015,04,18,18,53,39.855,54,20612
2015,04,18,18,53,39.855,55,20710
2015,04,18,18,53,39.855,55,20810
2015,04,18,18,53,39.855,54,20910
2015,04,18,18,53,39.855,55,21010
2015,04,18,18,53,40.342,55,21111
2015,04,18,18,53,40.342,54,21211
2015,04,18,18,53,40.342,53,21311
2015,04,18,18,53,40.342,54,21411
2015,04,18,18,53,40.342,54,21511
2015,04,18,18,53,40.827,53,21612
2015,04,18,18,53,40.827,50,21710
2015,04,18,18,53,40.827,28,21810
2015,04,18,18,53,40.827,16,21910
2015,04,18,18,53,40.827,12,22010
2015,04,18,18,53,41.320,11,22111
2015,04,18,18,53,41.320,11,22211
2015,04,18,18,53,41.320,11,22311
2015,04,18,18,53,41.320,11,22411
2015,04,18,18,53,41.320,11,22511
2015,04,18,18,53,41.807,11,22611
2015,04,18,18,53,41.807,10,22711
2015,04,18,18,53,41.807,10,22811
2015,04,18,18,53,41.807,11,22911
2015,04,18,18,53,41.807,10,23011
2015,04,18,18,53,42.289,10,23112
2015,04,18,18,53,42.289,10,23210
2015,04,18,18,53,42.289,10,23310
2015,04,18,18,53,42.289,9,23410
2015,04,18,18,53,42.289,9,23510
2015,04,18,18,53,42.786,9,23611
2015,04,18,18,53,42.786,9,23711
2015,04,18,18,53,42.786,9,23811
2015,04,18,18,53,42.786,8,23911
2015,04,18,18,53,42.786,9,24011
2015,04,18,18,53,43.266,8,24112
2015,04,18,18,53,43.266,8,24210
2015,04,18,18,53,43.266,9,24310
2015,04,18,18,53,43.266,9,24410
2015,04,18,18,53,43.266,9,24510
2015,04,18,18,53,43.760,9,24611
2015,04,18,18,53,43.760,9,24711
2015,04,18,18,53,43.760,10,24811
2015,04,18,18,53,43.760,10,24911
2015,04,18,18,53,43.760,11,25011
2015,04,18,18,53,44.241,11,25112
2015,04,18,18,53,44.241,11,25210
2015,04,18,18,53,44.241,12,25310
2015,04,18,18,53,44.241,23,25411
2015,04,18,18,53,44.241,40,25511
2015,04,18,18,53,44.732,53,25612
2015,04,18,18,53,44.732,53,25710
2015,04,18,18,53,44.732,54,25810
2015,04,18,18,53,44.732,54,25910
2015,04,18,18,53,44.732,53,26010
2015,04,18,18,53,45.220,54,26111
2015,04,18,18,53,45.220,54,26211
2015,04,18,18,53,45.220,54,26311
2015,04,18,18,53,45.220,53,26411
2015,04,18,18,53,45.220,53,26511
2015,04,18,18,53,45.712,49,26612
2015,04,18,18,53,45.712,21,26710
2015,04,18,18,53,45.712,12,26810
2015,04,18,18,53,45.712,11,26910
2015,04,18,18,53,45.712,11,27010
2015,04,18,18,53,46.200,11,27111
2015,04,18,18,53,46.200,11,27211
2015,04,18,18,53,46.200,11,27311
2015,04,18,18,53,46.200,10,27411
2015,04,18,18,53,46.200,9,27511
2015,04,18,18,53,46.689,9,27612
2015,04,18,18,53,46.689,9,27710
2015,04,18,18,53,46.689,9,27810
2015,04,18,18,53,46.689,9,27910
2015,04,18,18,53,46.689,9,28010
2015,04,18,18,53,47.170,9,28111
2015,04,18,18,53,47.170,8,28211
2015,04,18,18,53,47.170,8,28310
2015,04,18,18,53,47.170,8,28410
2015,04,18,18,53,47.170,7,28510
2015,04,18,18,53,47.662,7,28611
2015,04,18,18,53,47.662,7,28711
2015,04,18,18,53,47.662,7,28811
2015,04,18,18,53,47.662,6,28911
2015,04,18,18,53,47.662,6,29011
2015,04,18,18,53,48.158,6,29112
2015,04,18,18,53,48.158,6,29210
2015,04,18,18,53,48.158,6,29310
2015,04,18,18,53,48.158,6,29410
2015,04,18,18,53,48.158,6,29510
2015,04,18,18,53,48.646,6,29611
2015,04,18,18,53,48.646,7,29711
2015,04,18,18,53,48.646,7,29811
2015,04,18,18,53,48.646,8,29911
2015,04,18,18,53,48.646,9,30011
2015,04,18,18,53,49.134,11,30112
2015,04,18,18,53,49.134,54,30210
2015,04,18,18,53,49.134,55,30310
2015,04,18,18,53,49.134,55,30410
2015,04,18,18,53,49.134,56,30510
2015,04,18,18,53,49.616,56,30611
2015,04,18,18,53,49.616,55,30711
2015,04,18,18,53,49.616,55,30811
2015,04,18,18,53,49.616,56,30911
2015,04,18,18,53,49.616,56,31011
2015,04,18,18,53,50.106,55,31111
2015,04,18,18,53,50.106,56,31211
2015,04,18,18,53,50.106,56,31311
2015,04,18,18,53,50.106,56,31411
2015,04,18,18,53,50.106,55,31511
2015,04,18,18,53,50.599,56,31612
2015,04,18,18,53,50.599,56,31710
2015,04,18,18,53,50.599,55,31810
2015,04,18,18,53,50.599,56,31910
2015,04,18,18,53,50.599,56,32010
2015,04,18,18,53,51.087,56,32111
2015,04,18,18,53,51.087,55,32211
2015,04,18,18,53,51.087,56,32311
2015,04,18,18,53,51.087,56,32411
2015,04,18,18,53,51.087,56,32511
2015,04,18,18,53,51.570,55,32612
2015,04,18,18,53,51.570,56,32710
2015,04,18,18,53,51.570,56,32810
2015,04,18,18,53,51.570,55,32910
2015,04,18,18,53,51.570,56,33010
2015,04,18,18,53,52.055,56,33111
2015,04,18,18,53,52.055,56,33211
2015,04,18,18,53,52.055,55,33311
2015,04,18,18,53,52.055,56,33411
2015,04,18,18,53,52.055,56,33511
2015,04,18,19,04,12.991,60,22979
2015,04,18,19,04,12.991,58,22999
2015,04,18,19,04,12.991,59,23019
2015,04,18,19,04,12.991,60,23039
2015,04,18,19,04,12.991,58,23059
2015,04,18,19,04,12.998,60,23080
2015,04,18,19,04,12.998,60,23098
2015,04,18,19,04,12.998,58,23118
2015,04,18,19,04,12.998,59,23138
2015,04,18,19,04,12.998,60,23158
2015,04,18,19,04,13.079,58,23179
2015,04,18,19,04,13.079,59,23199
2015,04,18,19,04,13.079,59,23219
2015,04,18,19,04,13.079,58,23239
2015,04,18,19,04,13.079,59,23259
2015,04,18,19,04,13.174,59,23280
2015,04,18,19,04,13.174,58,23298
2015,04,18,19,04,13.174,59,23318
2015,04,18,19,04,13.174,59,23338
2015,04,18,19,04,13.174,58,23358
2015,04,18,19,04,13.261,60,23379
2015,04,18,19,04,13.261,59,23399
2015,04,18,19,04,13.261,58,23419
2015,04,18,19,04,13.261,60,23439
2015,04,18,19,04,13.261,59,23459
2015,04,18,19,04,13.360,59,23480
2015,04,18,19,04,13.360,59,23498
2015,04,18,19,04,13.360,59,23518
2015,04,18,19,04,13.360,58,23538
2015,04,18,19,04,13.360,60,23558
2015,04,18,19,04,13.453,58,23579
2015,04,18,19,04,13.453,59,23599
2015,04,18,19,04,13.453,60,23619
2015,04,18,19,04,13.453,58,23639
2015,04,18,19,04,13.453,59,23659
2015,04,18,19,04,13.547,59,23680
2015,04,18,19,04,13.547,59,23698
2015,04,18,19,04,13.547,59,23718
2015,04,18,19,04,13.547,60,23738
2015,04,18,19,04,13.547,58,23758
2015,04,18,19,04,13.652,59,23779
2015,04,18,19,04,13.652,59,23799
2015,04,18,19,04,13.652,58,23819
2015,04,18,19,04,13.652,59,23839
2015,04,18,19,04,13.652,59,23859
2015,04,18,19,04,13.745,59,23880
2015,04,18,19,04,13.745,59,23898
2015,04,18,19,04,13.745,60,23918
2015,04,18,19,04,13.745,58,23938
2015,04,18,19,04,13.745,59,23958
2015,04,18,19,04,13.841,59,23980
2015,04,18,19,04,13.841,58,23998
2015,04,18,19,04,13.841,59,24018
2015,04,18,19,04,13.841,59,24038
2015,04,18,19,04,13.841,58,24058
2015,04,18,19,04,13.942,60,24079
2015,04,18,19,04,13.942,59,24099
2015,04,18,19,04,13.942,59,24119
2015,04,18,19,04,13.942,60,24139
2015,04,18,19,04,13.942,59,24159
2015,04,18,19,04,14.045,59,24180
2015,04,18,19,04,14.045,59,24198
2015,04,18,19,04,14.045,59,24218
2015,04,18,19,04,14.045,58,24238
2015,04,18,19,04,14.045,60,24258
2015,04,18,19,04,14.132,58,24279
2015,04,18,19,04,14.132,59,24299
2015,04,18,19,04,14.132,60,24319
2015,04,18,19,04,14.132,58,24339
2015,04,18,19,04,14.132,59,24359
2015,04,18,19,04,14.233,59,24380
2015,04,18,19,04,14.233,59,24398
2015,04,18,19,04,14.233,59,24418
2015,04,18,19,04,14.233,60,24438
2015,04,18,19,04,14.233,58,24458
2015,04,18,19,04,14.337,59,24479
2015,04,18,19,04,14.337,59,24499
2015,04,18,19,04,14.337,58,24519
2015,04,18,19,04,14.337,59,24539
2015,04,18,19,04,14.337,59,24559
2015,04,18,19,04,14.432,59,24580
2015,04,18,19,04,14.432,59,24598
2015,04,18,19,04,14.432,60,24618
2015,04,18,19,04,14.432,58,24638
2015,04,18,19,04,14.432,59,24658
2015,04,18,19,04,14.532,59,24679
2015,04,18,19,04,14.532,58,24699
2015,04,18,19,04,14.532,60,24719
2015,04,18,19,04,14.532,59,24739
2015,04,18,19,04,14.532,59,24759
2015,04,18,19,04,14.624,60,24780
2015,04,18,19,04,14.624,59,24798
2015,04,18,19,04,14.624,58,24818
2015,04,18,19,04,14.624,60,24838
2015,04,18,19,04,14.624,59,24858
2015,04,18,19,04,14.729,59,24879
2015,04,18,19,04,14.729,60,24899
2015,04,18,19,04,14.729,58,24919
2015,04,18,19,04,14.729,59,24939
2015,04,18,19,04,14.729,60,24959
2015,04,18,19,04,14.824,58,24980
2015,04,18,19,04,14.824,58,24998
2015,04,18,19,04,14.824,60,25018
2015,04,18,19,04,14.824,59,25038
2015,04,18,19,04,14.824,59,25058
2015,04,18,19,04,14.925,59,25079
2015,04,18,19,04,14.925,58,25099
2015,04,18,19,04,14.925,59,25119
2015,04,18,19,04,14.925,59,25139
2015,04,18,19,04,14.925,58,25159
2015,04,18,19,04,15.015,60,25180
2015,04,18,19,04,15.015,60,25198
2015,04,18,19,04,15.015,58,25218
2015,04,18,19,04,15.015,59,25238
2015,04,18,19,04,15.015,59,25258
2015,04,18,19,04,15.121,58,25279
2015,04,18,19,04,15.121,59,25299
2015,04,18,19,04,15.121,59,25319
2015,04,18,19,04,15.121,58,25339
2015,04,18,19,04,15.121,60,25359
2015,04,18,19,04,15.217,58,25380
2015,04,18,19,04,15.217,58,25398
2015,04,18,19,04,15.217,59,25418
2015,04,18,19,04,15.217,59,25438
2015,04,18,19,04,15.217,58,25458
2015,04,18,19,04,15.310,60,25479
2015,04,18,19,04,15.310,59,25499
2015,04,18,19,04,15.310,59,25519
2015,04,18,19,04,15.310,60,25539
2015,04,18,19,04,15.310,58,25559
2015,04,18,19,04,15.400,59,25580
2015,04,18,19,04,15.400,60,25598
2015,04,18,19,04,15.400,59,25618
2015,04,18,19,04,15.400,59,25638
2015,04,18,19,04,15.400,60,25658
2015,04,18,19,04,15.505,58,25679
2015,04,18,19,04,15.505,59,25699
2015,04,18,19,04,15.505,60,25719
2015,04,18,19,04,15.505,58,25739
2015,04,18,19,04,15.505,59,25759
2015,04,18,19,04,15.600,59,25780
2015,04,18,19,04,15.600,58,25798
2015,04,18,19,04,15.600,59,25818
2015,04,18,19,04,15.600,60,25838
2015,04,18,19,04,15.600,58,25858
2015,04,18,19,04,15.705,60,25879
2015,04,18,19,04,15.705,59,25899
2015,04,18,19,04,15.705,58,25919
2015,04,18,19,04,15.705,59,25939
2015,04,18,19,04,15.705,59,25959
2015,04,18,19,04,15.800,59,25980
2015,04,18,19,04,15.800,59,25998
2015,04,18,19,04,15.800,59,26018
2015,04,18,19,04,15.800,58,26038
2015,04,18,19,04,15.800,59,26058
2015,04,18,19,04,15.894,59,26079
2015,04,18,19,04,15.894,59,26099
2015,04,18,19,04,15.894,60,26119
2015,04,18,19,04,15.894,59,26139
2015,04,18,19,04,15.894,59,26159
2015,04,18,19,04,15.993,59,26180
2015,04,18,19,04,15.993,59,26198
2015,04,18,19,04,15.993,58,26218
2015,04,18,19,04,15.993,60,26238
2015,04,18,19,04,15.993,59,26258
2015,04,18,19,04,16.094,59,26279
2015,04,18,19,04,16.094,60,26299
2015,04,18,19,04,16.094,58,26319
2015,04,18,19,04,16.094,59,26339
2015,04,18,19,04,16.094,60,26359
2015,04,18,19,04,16.189,58,26380
2015,04,18,19,04,16.189,59,26398
2015,04,18,19,04,16.189,60,26418
2015,04,18,19,04,16.189,59,26438
2015,04,18,19,04,16.189,59,26458
2015,04,18,19,04,16.284,59,26479
2015,04,18,19,04,16.284,58,26499
2015,04,18,19,04,16.284,59,26519
2015,04,18,19,04,16.284,59,26539
2015,04,18,19,04,16.284,58,26559
2015,04,18,19,04,16.381,60,26580
2015,04,18,19,04,16.381,60,26598
2015,04,18,19,04,16.381,58,26618
2015,04,18,19,04,16.381,59,26638
2015,04,18,19,04,16.381,60,26658
2015,04,18,19,04,16.483,59,26679
2015,04,18,19,04,16.483,60,26699
2015,04,18,19,04,16.483,59,26719
2015,04,18,19,04,16.483,59,26739
2015,04,18,19,04,16.483,60,26759
2015,04,18,19,04,16.575,59,26780
2015,04,18,19,04,16.575,59,26798
2015,04,18,19,04,16.575,60,26819
2015,04,18,19,04,16.575,59,26839
2015,04,18,19,04,16.575,59,26859
2015,04,18,19,04,16.678,60,26880
2015,04,18,19,04,16.678,60,26898
2015,04,18,19,04,16.678,59,26918
2015,04,18,19,04,16.678,60,26938
2015,04,18,19,04,16.678,59,26958
2015,04,18,19,04,16.778,59,26979
2015,04,18,19,04,16.778,60,26999
2015,04,18,19,04,16.778,59,27019
2015,04,18,19,04,16.778,60,27039
2015,04,18,19,04,16.778,60,27059
2015,04,18,19,04,16.874,59,27080
2015,04,18,19,04,16.874,59,27098
2015,04,18,19,04,16.874,60,27118
2015,04,18,19,04,16.874,59,27138
2015,04,18,19,04,16.874,59,27158
2015,04,18,19,04,16.967,60,27179
2015,04,18,19,04,16.967,59,27199
2015,04,18,19,04,16.967,60,27219
2015,04,18,19,04,16.967,60,27239
2015,04,18,19,04,16.967,59,27259
2015,04,18,19,04,17.070,60,27280
2015,04,18,19,04,17.070,60,27298
2015,04,18,19,04,17.070,59,27318
2015,04,18,19,04,17.070,60,27338
2015,04,18,19,04,17.070,60,27358
2015,04,18,19,04,17.159,59,27379
2015,04,18,19,04,17.159,60,27399
2015,04,18,19,04,17.159,59,27419
2015,04,18,19,04,17.159,59,27439
2015,04,18,19,04,17.159,60,27459
2015,04,18,19,04,17.265,58,27480
2015,04,18,19,04,17.265,59,27498
2015,04,18,19,04,17.265,60,27518
2015,04,18,19,04,17.265,60,27538
2015,04,18,19,04,17.265,59,27558
2015,04,18,19,04,17.363,60,27579
2015,04,18,19,04,17.363,59,27599
2015,04,18,19,04,17.363,59,27619
2015,04,18,19,04,17.363,60,27639
2015,04,18,19,04,17.363,59,27659
2015,04,18,19,04,17.457,60,27680
2015,04,18,19,04,17.457,60,27698
2015,04,18,19,04,17.457,59,27718
2015,04,18,19,04,17.457,59,27738
2015,04,18,19,04,17.457,60,27758
2015,04,18,19,04,17.560,58,27779
2015,04,18,19,04,17.560,60,27799
2015,04,18,19,04,17.560,60,27819
2015,04,18,19,04,17.560,59,27839
2015,04,18,19,04,17.560,60,27859
2015,04,18,19,04,17.659,59,27880
2015,04,18,19,04,17.659,59,27898
2015,04,18,19,04,17.659,59,27918
2015,04,18,19,04,17.659,60,27938
2015,04,18,19,04,17.659,59,27958
2015,04,18,19,04,17.752,60,27979
2015,04,18,19,04,17.752,59,27999
2015,04,18,19,04,17.752,59,28019
2015,04,18,19,04,17.752,60,28039
2015,04,18,19,04,17.752,59,28059
2015,04,18,19,04,17.851,59,28080
2015,04,18,19,04,17.851,60,28098
2015,04,18,19,04,17.851,60,28118
2015,04,18,19,04,17.851,59,28138
2015,04,18,19,04,17.851,60,28158
2015,04,18,19,07,18.061,55,54822
2015,04,18,19,07,18.061,56,54840
2015,04,18,19,07,18.061,57,54860
2015,04,18,19,07,18.061,56,54880
2015,04,18,19,07,18.061,56,54900
2015,04,18,19,07,18.125,57,54921
2015,04,18,19,07,18.125,55,54941
2015,04,18,19,07,18.125,56,54961
2015,04,18,19,07,18.125,57,54981
2015,04,18,19,07,18.125,55,55001
2015,04,18,19,07,18.222,57,55022
2015,04,18,19,07,18.222,57,55040
2015,04,18,19,07,18.222,55,55060
2015,04,18,19,07,18.222,56,55080
2015,04,18,19,07,18.222,57,55100
2015,04,18,19,07,18.318,55,55121
2015,04,18,19,07,18.318,57,55141
2015,04,18,19,07,18.318,56,55161
2015,04,18,19,07,18.318,56,55181
2015,04,18,19,07,18.318,57,55201
2015,04,18,19,07,18.412,56,55222
2015,04,18,19,07,18.412,55,55240
2015,04,18,19,07,18.412,57,55260
2015,04,18,19,07,18.412,57,55280
2015,04,18,19,07,18.412,55,55300
2015,04,18,19,07,18.509,57,55321
2015,04,18,19,07,18.509,56,55341
2015,04,18,19,07,18.509,56,55361
2015,04,18,19,07,18.509,57,55381
2015,04,18,19,07,18.509,56,55401
2015,04,18,19,07,18.608,56,55422
2015,04,18,19,07,18.608,57,55440
2015,04,18,19,07,18.608,56,55460
2015,04,18,19,07,18.608,56,55480
2015,04,18,19,07,18.608,57,55500
2015,04,18,19,07,18.710,55,55521
2015,04,18,19,07,18.710,56,55541
2015,04,18,19,07,18.710,57,55561
2015,04,18,19,07,18.710,55,55581
2015,04,18,19,07,18.710,56,55601
2015,04,18,19,07,18.806,56,55622
2015,04,18,19,07,18.806,56,55640
2015,04,18,19,07,18.806,56,55660
2015,04,18,19,07,18.806,57,55680
2015,04,18,19,07,18.806,55,55700
2015,04,18,19,07,18.897,56,55721
2015,04,18,19,07,18.897,56,55741
2015,04,18,19,07,18.897,55,55761
2015,04,18,19,07,18.897,57,55781
2015,04,18,19,07,18.897,56,55801
2015,04,18,19,07,19.001,56,55822
2015,04,18,19,07,19.001,56,55840
2015,04,18,19,07,19.001,57,55860
2015,04,18,19,07,19.001,55,55880
2015,04,18,19,07,19.001,57,55900
2015,04,18,19,07,19.097,56,55921
2015,04,18,19,07,19.097,56,55941
2015,04,18,19,07,19.097,57,55961
2015,04,18,19,07,19.097,56,55981
2015,04,18,19,07,19.097,56,56001
2015,04,18,19,07,19.196,57,56022
2015,04,18,19,07,19.196,56,56040
2015,04,18,19,07,19.196,56,56060
2015,04,18,19,07,19.196,57,56080
2015,04,18,19,07,19.196,56,56100
2015,04,18,19,07,19.294,56,56121
2015,04,18,19,07,19.294,57,56141
2015,04,18,19,07,19.294,55,56161
2015,04,18,19,07,19.294,56,56181
2015,04,18,19,07,19.294,57,56201
2015,04,18,19,07,19.393,56,56222
2015,04,18,19,07,19.393,56,56240
2015,04,18,19,07,19.393,57,56260
2015,04,18,19,07,19.393,56,56280
2015,04,18,19,07,19.393,56,56300
2015,04,18,19,07,19.488,56,56321
2015,04,18,19,07,19.488,55,56341
2015,04,18,19,07,19.488,57,56361
2015,04,18,19,07,19.488,57,56381
2015,04,18,19,07,19.488,55,56401
2015,04,18,19,07,19.589,57,56422
2015,04,18,19,07,19.589,57,56440
2015,04,18,19,07,19.589,56,56461
2015,04,18,19,07,19.589,57,56481
2015,04,18,19,07,19.589,56,56501
2015,04,18,19,07,19.676,56,56522
2015,04,18,19,07,19.676,57,56540
2015,04,18,19,07,19.676,57,56560
2015,04,18,19,07,19.676,55,56580
2015,04,18,19,07,19.676,57,56600
2015,04,18,19,07,19.785,56,56621
2015,04,18,19,07,19.785,56,56641
2015,04,18,19,07,19.785,57,56661
2015,04,18,19,07,19.785,56,56681
2015,04,18,19,07,19.785,56,56701
2015,04,18,19,07,19.874,57,56722
2015,04,18,19,07,19.874,56,56740
2015,04,18,19,07,19.874,56,56760
2015,04,18,19,07,19.874,57,56780
2015,04,18,19,07,19.874,56,56800
2015,04,18,19,07,19.977,56,56821
2015,04,18,19,07,19.977,57,56841
2015,04,18,19,07,19.977,55,56861
2015,04,18,19,07,19.977,57,56881
2015,04,18,19,07,19.977,57,56901
2015,04,18,19,07,20.066,56,56922
2015,04,18,19,07,20.066,56,56940
2015,04,18,19,07,20.066,57,56960
2015,04,18,19,07,20.066,56,56980
2015,04,18,19,07,20.066,57,57000
2015,04,18,19,07,20.175,57,57021
2015,04,18,19,07,20.175,56,57041
2015,04,18,19,07,20.175,57,57061
2015,04,18,19,07,20.175,57,57081
2015,04,18,19,07,20.175,56,57101
2015,04,18,19,07,20.269,57,57122
2015,04,18,19,07,20.269,57,57140
2015,04,18,19,07,20.269,56,57160
2015,04,18,19,07,20.269,57,57180
2015,04,18,19,07,20.269,57,57200
2015,04,18,19,07,20.367,56,57221
2015,04,18,19,07,20.367,57,57241
2015,04,18,19,07,20.367,56,57261
2015,04,18,19,07,20.367,57,57281
2015,04,18,19,07,20.367,57,57301
2015,04,18,19,07,20.466,56,57322
2015,04,18,19,07,20.466,56,57340
2015,04,18,19,07,20.466,57,57360
2015,04,18,19,07,20.466,56,57380
2015,04,18,19,07,20.466,56,57400
2015,04,18,19,07,20.560,57,57421
2015,04,18,19,07,20.560,56,57441
2015,04,18,19,07,20.560,57,57461
2015,04,18,19,07,20.560,57,57481
2015,04,18,19,07,20.560,56,57501
2015,04,18,19,07,20.661,57,57522
2015,04,18,19,07,20.661,57,57540
2015,04,18,19,07,20.661,56,57560
2015,04,18,19,07,20.661,57,57580
2015,04,18,19,07,20.661,57,57600
2015,04,18,19,07,20.757,56,57621
2015,04,18,19,07,20.757,57,57641
2015,04,18,19,07,20.757,57,57661
2015,04,18,19,07,20.757,56,57681
2015,04,18,19,07,20.757,57,57701
2015,04,18,19,07,20.849,56,57722
2015,04,18,19,07,20.849,56,57740
2015,04,18,19,07,20.849,57,57760
2015,04,18,19,07,20.849,57,57780
2015,04,18,19,07,20.849,56,57800
2015,04,18,19,07,20.950,57,57821
2015,04,18,19,07,20.950,56,57841
2015,04,18,19,07,20.950,56,57861
2015,04,18,19,07,20.950,57,57881
2015,04,18,19,07,20.950,56,57901
2015,04,18,19,07,21.051,57,57922
2015,04,18,19,07,21.051,57,57940
2015,04,18,19,07,21.051,56,57960
2015,04,18,19,07,21.051,56,57980
2015,04,18,19,07,21.051,57,58000
2015,04,18,19,07,21.144,56,58021
2015,04,18,19,07,21.144,57,58041
2015,04,18,19,07,21.144,57,58061
2015,04,18,19,07,21.144,56,58081
2015,04,18,19,07,21.144,57,58101
2015,04,18,19,07,21.241,56,58122
2015,04,18,19,07,21.241,56,58140
2015,04,18,19,07,21.241,56,58160
2015,04,18,19,07,21.241,57,58180
2015,04,18,19,07,21.241,56,58200
2015,04,18,19,07,21.344,57,58221
2015,04,18,19,07,21.344,57,58241
2015,04,18,19,07,21.344,56,58261
2015,04,18,19,07,21.344,57,58281
2015,04,18,19,07,21.344,56,58301
2015,04,18,19,07,21.443,56,58322
2015,04,18,19,07,21.443,57,58340
2015,04,18,19,07,21.443,57,58360
2015,04,18,19,07,21.443,56,58380
2015,04,18,19,07,21.443,57,58400
2015,04,18,19,07,21.540,56,58421
2015,04,18,19,07,21.540,56,58441
2015,04,18,19,07,21.540,57,58461
2015,04,18,19,07,21.540,56,58481
2015,04,18,19,07,21.540,56,58501
2015,04,18,19,07,21.630,57,58522
2015,04,18,19,07,21.630,56,58540
2015,04,18,19,07,21.630,56,58560
2015,04,18,19,07,21.630,57,58580
2015,04,18,19,07,21.630,56,58600
2015,04,18,19,07,21.730,57,58621
2015,04,18,19,07,21.730,57,58641
2015,04,18,19,07,21.730,56,58661
2015,04,18,19,07,21.730,57,58681
2015,04,18,19,07,21.730,57,58701
2015,04,18,19,07,21.838,56,58722
2015,04,18,19,07,21.838,56,58740
2015,04,18,19,07,21.838,57,58760
2015,04,18,19,07,21.838,55,58780
2015,04,18,19,07,21.838,57,58800
2015,04,18,19,07,21.922,57,58821
2015,04,18,19,07,21.922,56,58841
2015,04,18,19,07,21.922,57,58861
2015,04,18,19,07,21.922,56,58881
2015,04,18,19,07,21.922,56,58901
2015,04,18,19,07,22.030,57,58922
2015,04,18,19,07,22.030,57,58940
2015,04,18,19,07,22.030,56,58960
2015,04,18,19,07,22.030,57,58980
2015,04,18,19,07,22.030,57,59000
2015,04,18,19,07,22.122,56,59021
2015,04,18,19,07,22.122,57,59041
2015,04,18,19,07,22.122,56,59061
2015,04,18,19,07,22.122,56,59081
2015,04,18,19,07,22.122,57,59101
2015,04,18,19,07,22.221,56,59122
2015,04,18,19,07,22.221,56,59140
2015,04,18,19,07,22.221,57,59160
2015,04,18,19,07,22.221,56,59180
2015,04,18,19,07,22.221,56,59200
2015,04,18,19,07,22.316,57,59221
2015,04,18,19,07,22.316,55,59241
2015,04,18,19,07,22.316,57,59261
2015,04,18,19,07,22.316,56,59282
2015,04,18,19,07,22.316,56,59300
2015,04,18,19,07,22.423,57,59321
2015,04,18,19,07,22.423,57,59341
2015,04,18,19,07,22.423,56,59361
2015,04,18,19,07,22.423,57,59381
2015,04,18,19,07,22.423,57,59401
2015,04,18,19,07,22.514,56,59422
2015,04,18,19,07,22.514,57,59440
2015,04,18,19,07,22.514,57,59460
2015,04,18,19,07,22.514,55,59480
2015,04,18,19,07,22.514,57,59500
2015,04,18,19,07,22.607,56,59521
2015,04,18,19,07,22.607,56,59541
2015,04,18,19,07,22.607,57,59561
2015,04,18,19,07,22.607,56,59581
2015,04,18,19,07,22.607,56,59601
2015,04,18,19,07,22.713,57,59622
2015,04,18,19,07,22.713,56,59640
2015,04,18,19,07,22.713,56,59660
2015,04,18,19,07,22.713,57,59680
2015,04,18,19,07,22.713,56,59700
2015,04,18,19,07,22.802,56,59721
2015,04,18,19,07,22.802,57,59741
2015,04,18,19,07,22.802,56,59761
2015,04,18,19,07,22.802,57,59781
2015,04,18,19,07,22.802,57,59801
2015,04,18,19,07,22.903,56,59822
2015,04,18,19,07,22.903,56,59840
2015,04,18,19,07,22.903,57,59860
2015,04,18,19,07,22.903,56,59880
2015,04,18,19,07,22.903,56,59900
2015,04,18,19,07,23.004,57,59921
2015,04,18,19,07,23.004,56,59941
2015,04,18,19,07,23.004,57,59961
2015,04,18,19,07,23.004,57,59981
2015,04,18,19,07,23.004,56,60001
2015,04,18,19,07,23.102,57,60022
2015,04,18,19,07,23.102,57,60040
2015,04,18,19,07,23.102,55,60060
2015,04,18,19,07,23.102,57,60080
2015,04,18,19,07,23.102,57,60100
2015,04,18,19,07,23.193,56,60121
2015,04,18,19,07,23.193,57,60141
2015,04,18,19,07,23.193,56,60161
2015,04,18,19,07,23.193,56,60181
2015,04,18,19,07,23.193,57,60201
2015,04,18,19,07,23.297,56,60222
2015,04,18,19,07,23.297,56,60240
2015,04,18,19,07,23.297,57,60260
2015,04,18,19,07,23.297,56,60280
2015,04,18,19,07,23.297,56,60300
2015,04,18,19,07,23.388,57,60321
2015,04,18,19,07,23.388,56,60341
2015,04,18,19,07,23.388,56,60361
2015,04,18,19,07,23.388,57,60381
2015,04,18,19,07,23.388,56,60401
2015,04,18,19,07,23.489,57,60422
2015,04,18,19,07,23.489,57,60440
2015,04,18,19,07,23.489,56,60460
2015,04,18,19,07,23.489,56,60480
2015,04,18,19,07,23.489,57,60500
2015,04,18,19,07,23.592,56,60521
2015,04,18,19,07,23.592,57,60541
2015,04,18,19,07,23.592,57,60561
2015,04,18,19,07,23.592,56,60581
2015,04,18,19,07,23.592,57,60601
2015,04,18,19,07,23.688,56,60622
2015,04,18,19,07,23.688,56,60640
2015,04,18,19,07,23.688,57,60660
2015,04,18,19,07,23.688,57,60680
2015,04,18,19,07,23.688,56,60700
2015,04,18,19,07,23.787,57,60721
2015,04,18,19,07,23.787,56,60741
2015,04,18,19,07,23.787,56,60761
2015,04,18,19,07,23.787,57,60781
2015,04,18,19,07,23.787,56,60801
2015,04,18,19,07,23.880,57,60822
2015,04,18,19,07,23.880,57,60840
2015,04,18,19,07,23.880,56,60860
2015,04,18,19,07,23.880,56,60880
2015,04,18,19,07,23.880,57,60900
2015,04,18,19,07,23.977,56,60921
2015,04,18,19,07,23.977,57,60941
2015,04,18,19,07,23.977,57,60961
2015,04,18,19,07,23.977,56,60981
2015,04,18,19,07,23.977,57,61001
2015,04,18,19,07,24.076,57,61022
2015,04,18,19,07,24.076,56,61040
2015,04,18,19,07,24.076,56,61060
2015,04,18,19,07,24.076,57,61080
2015,04,18,19,07,24.076,56,61100
2015,04,18,19,07,24.174,57,61121
2015,04,18,19,07,24.174,57,61141
2015,04,18,19,07,24.174,56,61161
2015,04,18,19,07,24.174,57,61181
2015,04,18,19,07,24.174,57,61201
2015,04,18,19,07,24.267,56,61222
2015,04,18,19,07,24.267,57,61240
2015,04,18,19,07,24.267,57,61260
2015,04,18,19,07,24.267,56,61280
2015,04,18,19,07,24.267,57,61300
2015,04,18,19,07,24.370,56,61321
2015,04,18,19,07,24.370,56,61341
2015,04,18,19,07,24.370,57,61361
2015,04,18,19,07,24.370,56,61381
2015,04,18,19,07,24.370,56,61401
2015,04,18,19,07,24.466,57,61422
2015,04,18,19,07,24.466,57,61440
2015,04,18,19,07,24.466,56,61460
2015,04,18,19,07,24.466,57,61480
2015,04,18,19,07,24.466,56,61500
2015,04,18,19,07,24.562,56,61521
2015,04,18,19,07,24.562,57,61541
2015,04,18,19,07,24.562,56,61561
2015,04,18,19,07,24.562,57,61581
2015,04,18,19,07,24.562,57,61601
2015,04,18,19,07,24.666,56,61622
2015,04,18,19,07,24.666,56,61640
2015,04,18,19,07,24.666,57,61660
2015,04,18,19,07,24.666,56,61680
2015,04,18,19,07,24.666,56,61700
2015,04,18,19,07,24.760,57,61721
2015,04,18,19,07,24.760,56,61741
2015,04,18,19,07,24.760,57,61761
2015,04,18,19,07,24.760,57,61781
2015,04,18,19,07,24.760,56,61801
2015,04,18,19,07,24.861,57,61822
2015,04,18,19,07,24.861,57,61840
2015,04,18,19,07,24.861,56,61860
2015,04,18,19,07,24.861,57,61880
2015,04,18,19,07,24.861,57,61900
2015,04,18,19,07,24.957,56,61921
2015,04,18,19,07,24.957,57,61941
2015,04,18,19,07,24.957,56,61961
2015,04,18,19,07,24.957,56,61981
2015,04,18,19,07,24.957,57,62001
2015,04,18,19,07,25.059,57,62022
2015,04,18,19,07,25.059,56,62040
2015,04,18,19,07,25.059,57,62060
2015,04,18,19,07,25.059,56,62080
2015,04,18,19,07,25.059,56,62100
2015,04,18,19,07,25.143,57,62122
2015,04,18,19,07,25.143,56,62140
2015,04,18,19,07,25.143,56,62160
2015,04,18,19,07,25.143,57,62180
2015,04,18,19,07,25.143,56,62200
2015,04,18,19,07,25.248,57,62221
2015,04,18,19,07,25.248,57,62241
2015,04,18,19,07,25.248,56,62261
2015,04,18,19,07,25.248,57,62281
2015,04,18,19,07,25.248,57,62301
2015,04,18,19,07,25.345,56,62322
2015,04,18,19,07,25.345,57,62340
2015,04,18,19,07,25.345,57,62360
2015,04,18,19,07,25.345,56,62380
2015,04,18,19,07,25.345,57,62400
2015,04,18,19,07,25.444,56,62421
2015,04,18,19,07,25.444,56,62441
2015,04,18,19,07,25.444,57,62461
2015,04,18,19,07,25.444,56,62481
2015,04,18,19,07,25.444,56,62501
2015,04,18,19,07,25.540,57,62522
2015,04,18,19,07,25.540,57,62540
2015,04,18,19,07,25.540,56,62560
2015,04,18,19,07,25.540,57,62580
2015,04,18,19,07,25.540,57,62600
2015,04,18,19,07,25.644,56,62621
2015,04,18,19,07,25.644,57,62641
2015,04,18,19,07,25.644,56,62661
2015,04,18,19,07,25.644,56,62681
2015,04,18,19,07,25.644,57,62701
2015,04,18,19,07,25.736,56,62722
2015,04,18,19,07,25.736,56,62740
2015,04,18,19,07,25.736,57,62760
2015,04,18,19,07,25.736,56,62780
2015,04,18,19,07,25.736,56,62800
2015,04,18,19,07,25.837,57,62821
2015,04,18,19,07,25.837,56,62841
2015,04,18,19,07,25.837,57,62861
2015,04,18,19,07,25.837,57,62881
2015,04,18,19,07,25.837,56,62901
2015,04,18,19,07,25.933,57,62922
2015,04,18,19,07,25.933,57,62940
2015,04,18,19,07,25.933,56,62960
2015,04,18,19,07,25.933,57,62980
2015,04,18,19,07,25.933,57,63000
2015,04,18,19,07,26.033,56,63021
2015,04,18,19,07,26.033,57,63041
2015,04,18,19,07,26.033,56,63061
2015,04,18,19,07,26.033,56,63081
2015,04,18,19,07,26.033,57,63101
2015,04,18,19,07,26.130,55,63122
2015,04,18,19,07,26.130,56,63140
2015,04,18,19,07,26.130,57,63160
2015,04,18,19,07,26.130,57,63180
2015,04,18,19,07,26.130,56,63200
2015,04,18,19,07,26.227,57,63221
2015,04,18,19,07,26.227,56,63241
2015,04,18,19,07,26.227,56,63261
2015,04,18,19,07,26.227,57,63281
2015,04,18,19,07,26.227,56,63301
2015,04,18,19,07,26.324,57,63322
2015,04,18,19,07,26.324,57,63340
2015,04,18,19,07,26.324,56,63360
2015,04,18,19,07,26.324,56,63380
2015,04,18,19,07,26.324,57,63400
2015,04,18,19,07,26.418,56,63421
2015,04,18,19,07,26.418,57,63441
2015,04,18,19,07,26.418,57,63461
2015,04,18,19,07,26.418,56,63481
2015,04,18,19,07,26.418,57,63501
2015,04,18,19,07,26.512,56,63522
2015,04,18,19,07,26.512,56,63540
2015,04,18,19,07,26.512,57,63560
2015,04,18,19,07,26.512,57,63580
2015,04,18,19,07,26.512,56,63600
2015,04,18,19,07,26.618,57,63621
2015,04,18,19,07,26.618,56,63641
2015,04,18,19,07,26.618,56,63661
2015,04,18,19,07,26.618,57,63681
2015,04,18,19,07,26.618,56,63701
2015,04,18,19,07,26.711,57,63722
2015,04,18,19,07,26.711,57,63740
2015,04,18,19,07,26.711,57,63760
2015,04,18,19,07,26.711,56,63780
2015,04,18,19,07,26.711,57,63800
2015,04,18,19,07,26.815,56,63821
2015,04,18,19,07,26.815,56,63841
2015,04,18,19,07,26.815,57,63861
2015,04,18,19,07,26.815,55,63881
2015,04,18,19,07,26.815,57,63901
2015,04,18,19,07,26.903,57,63922
2015,04,18,19,07,26.903,56,63940
2015,04,18,19,07,26.903,56,63960
2015,04,18,19,07,26.903,57,63980
2015,04,18,19,07,26.903,56,64000
2015,04,18,19,07,27.010,57,64021
2015,04,18,19,07,27.010,57,64041
2015,04,18,19,07,27.010,56,64061
2015,04,18,19,07,27.010,57,64081
2015,04,18,19,07,27.010,57,64101
2015,04,18,19,07,27.098,56,64122
2015,04,18,19,07,27.098,57,64140
2015,04,18,19,07,27.098,57,64160
2015,04,18,19,07,27.098,56,64180
2015,04,18,19,07,27.098,57,64200
2015,04,18,19,07,27.206,56,64221
2015,04,18,19,07,27.206,56,64241
2015,04,18,19,07,27.206,57,64261
2015,04,18,19,07,27.206,56,64281
2015,04,18,19,07,27.206,56,64301
2015,04,18,19,07,27.302,57,64322
2015,04,18,19,07,27.302,57,64340
2015,04,18,19,07,27.302,56,64360
2015,04,18,19,07,27.302,57,64380
2015,04,18,19,07,27.302,57,64400
2015,04,18,19,07,27.395,56,64421
2015,04,18,19,07,27.395,57,64441
2015,04,18,19,07,27.395,56,64461
2015,04,18,19,07,27.395,56,64481
2015,04,18,19,07,27.395,57,64501
2015,04,18,19,07,27.497,56,64522
2015,04,18,19,07,27.497,56,64540
2015,04,18,19,07,27.497,57,64560
2015,04,18,19,07,27.497,56,64580
2015,04,18,19,07,27.497,56,64600
2015,04,18,19,07,27.590,57,64621
2015,04,18,19,07,27.590,56,64641
2015,04,18,19,07,27.590,57,64661
2015,04,18,19,07,27.590,57,64681
2015,04,18,19,07,27.590,56,64701
2015,04,18,19,07,27.683,57,64722
2015,04,18,19,07,27.683,57,64740
2015,04,18,19,07,27.683,56,64760
2015,04,18,19,07,27.683,57,64780
2015,04,18,19,07,27.683,57,64800
2015,04,18,19,07,27.790,56,64821
2015,04,18,19,07,27.790,57,64841
2015,04,18,19,07,27.790,56,64861
2015,04,18,19,07,27.790,56,64881
2015,04,18,19,07,27.790,57,64901
2015,04,18,19,07,27.883,56,64922
2015,04,18,19,07,27.883,56,64941
2015,04,18,19,07,27.883,57,64961
2015,04,18,19,07,27.883,56,64981
2015,04,18,19,07,27.883,56,65001
2015,04,18,19,07,27.980,57,65022
2015,04,18,19,07,27.980,57,65040
2015,04,18,19,07,27.980,56,65060
2015,04,18,19,07,27.980,57,65080
2015,04,18,19,07,27.980,56,65100
2015,04,18,19,07,28.075,57,65121
2015,04,18,19,07,28.075,57,65141
2015,04,18,19,07,28.075,56,65161
2015,04,18,19,07,28.075,57,65181
2015,04,18,19,07,28.075,57,65201
2015,04,18,19,07,28.180,56,65222
2015,04,18,19,07,28.180,56,65240
2015,04,18,19,07,28.180,57,65260
2015,04,18,19,07,28.180,56,65280
2015,04,18,19,07,28.180,56,65300
2015,04,18,19,07,28.279,57,65321
2015,04,18,19,07,28.279,56,65341
2015,04,18,19,07,28.279,57,65361
2015,04,18,19,07,28.279,57,65381
2015,04,18,19,07,28.279,56,65401
2015,04,18,19,07,28.373,57,65422
2015,04,18,19,07,28.373,57,65440
2015,04,18,19,07,28.373,56,65460
2015,04,18,19,07,28.373,57,65480
2015,04,18,19,07,28.373,57,65500
2015,04,18,19,07,28.475,56,65521
2015,04,18,19,07,28.475,57,5
2015,04,18,19,07,28.475,56,25
2015,04,18,19,07,28.475,56,45
2015,04,18,19,07,28.475,57,65
2015,04,18,19,07,28.569,56,86
2015,04,18,19,07,28.569,56,104
2015,04,18,19,07,28.569,57,124
2015,04,18,19,07,28.569,56,144
2015,04,18,19,07,28.569,56,164
2015,04,18,19,07,28.663,58,185
2015,04,18,19,07,28.663,56,205
2015,04,18,19,07,28.663,57,225
2015,04,18,19,07,28.663,57,245
2015,04,18,19,07,28.663,56,265
2015,04,18,19,07,28.761,57,286
2015,04,18,19,07,28.761,57,304
2015,04,18,19,07,28.761,56,324
2015,04,18,19,07,28.761,57,344
2015,04,18,19,07,28.761,57,364
2015,04,18,19,07,28.860,56,385
2015,04,18,19,07,28.860,57,405
2015,04,18,19,07,28.860,57,425
2015,04,18,19,07,28.860,56,445
2015,04,18,19,07,28.860,57,465
2015,04,18,19,07,28.961,56,486
2015,04,18,19,07,28.961,55,504
2015,04,18,19,07,28.961,57,524
2015,04,18,19,07,28.961,57,544
2015,04,18,19,07,28.961,56,564
2015,04,18,19,07,29.059,57,585
2015,04,18,19,07,29.059,56,605
2015,04,18,19,07,29.059,56,625
2015,04,18,19,07,29.059,57,645
2015,04,18,19,07,29.059,56,665
2015,04,18,19,07,29.157,57,686
2015,04,18,19,07,29.157,57,704
2015,04,18,19,07,29.157,56,724
2015,04,18,19,07,29.157,56,744
2015,04,18,19,07,29.157,57,764
2015,04,18,19,07,29.254,56,785
2015,04,18,19,07,29.254,57,805
2015,04,18,19,07,29.254,57,825
2015,04,18,19,07,29.254,55,845
2015,04,18,19,07,29.254,57,865
2015,04,18,19,07,29.350,56,886
2015,04,18,19,07,29.350,56,904
2015,04,18,19,07,29.350,56,924
2015,04,18,19,07,29.350,57,944
2015,04,18,19,07,29.350,56,964
2015,04,18,19,07,29.444,57,985
2015,04,18,19,07,29.444,57,1005
2015,04,18,19,07,29.444,56,1025
2015,04,18,19,07,29.444,57,1045
2015,04,18,19,07,29.444,56,1065
2015,04,18,19,07,29.540,56,1086
2015,04,18,19,07,29.540,57,1104
2015,04,18,19,07,29.540,57,1124
2015,04,18,19,07,29.540,56,1144
2015,04,18,19,07,29.540,57,1164
2015,04,18,19,07,29.645,56,1185
2015,04,18,19,07,29.645,56,1205
2015,04,18,19,07,29.645,57,1225
2015,04,18,19,07,29.645,56,1245
2015,04,18,19,07,29.645,56,1265
2015,04,18,19,07,29.738,57,1286
2015,04,18,19,07,29.738,56,1304
2015,04,18,19,07,29.738,56,1324
2015,04,18,19,07,29.738,57,1344
2015,04,18,19,07,29.738,56,1364
2015,04,18,19,07,29.841,57,1385
2015,04,18,19,07,29.841,57,1405
2015,04,18,19,07,29.841,55,1425
2015,04,18,19,07,29.841,57,1445
2015,04,18,19,07,29.841,57,1465
2015,04,18,19,08,39.493,56,10216
2015,04,18,19,08,39.493,56,10230
2015,04,18,19,08,39.493,57,10246
2015,04,18,19,08,39.493,56,10260
2015,04,18,19,08,39.493,56,10276
2015,04,18,19,08,39.543,55,10291
2015,04,18,19,08,39.543,57,10305
2015,04,18,19,08,39.543,57,10321
2015,04,18,19,08,39.543,55,10335
2015,04,18,19,08,39.543,55,10351
2015,04,18,19,08,39.627,56,10366
2015,04,18,19,08,39.627,56,10380
2015,04,18,19,08,39.627,56,10396
2015,04,18,19,08,39.627,55,10410
2015,04,18,19,08,39.627,56,10426
2015,04,18,19,08,39.684,56,10441
2015,04,18,19,08,39.684,56,10455
2015,04,18,19,08,39.684,55,10471
2015,04,18,19,08,39.684,56,10485
2015,04,18,19,08,39.684,56,10501
2015,04,18,19,08,39.754,56,10516
2015,04,18,19,08,39.754,55,10530
2015,04,18,19,08,39.754,55,10546
2015,04,18,19,08,39.754,57,10560
2015,04,18,19,08,39.754,56,10576
2015,04,18,19,08,39.823,55,10591
2015,04,18,19,08,39.823,56,10605
2015,04,18,19,08,39.823,56,10621
2015,04,18,19,08,39.823,56,10635
2015,04,18,19,08,39.823,56,10651
2015,04,18,19,08,39.892,55,10666
2015,04,18,19,08,39.892,56,10680
2015,04,18,19,08,39.892,57,10696
2015,04,18,19,08,39.892,55,10710
2015,04,18,19,08,39.892,55,10726
2015,04,18,19,08,39.970,56,10741
2015,04,18,19,08,39.970,56,10755
2015,04,18,19,08,39.970,56,10771
2015,04,18,19,08,39.970,55,10785
2015,04,18,19,08,39.970,56,10801
2015,04,18,19,08,40.047,56,10816
2015,04,18,19,08,40.047,56,10830
2015,04,18,19,08,40.047,55,10846
2015,04,18,19,08,40.047,56,10860
2015,04,18,19,08,40.047,57,10876
2015,04,18,19,08,40.114,56,10891
2015,04,18,19,08,40.114,55,10905
2015,04,18,19,08,40.114,55,10921
2015,04,18,19,08,40.114,57,10935
2015,04,18,19,08,40.114,56,10951
2015,04,18,19,08,40.192,56,10966
2015,04,18,19,08,40.192,56,10980
2015,04,18,19,08,40.192,56,10996
2015,04,18,19,08,40.192,56,11010
2015,04,18,19,08,40.192,56,11026
2015,04,18,19,08,40.262,55,11041
2015,04,18,19,08,40.262,56,11055
2015,04,18,19,08,40.262,57,11071
2015,04,18,19,08,40.262,55,11085
2015,04,18,19,08,40.262,55,11101
2015,04,18,19,08,40.342,56,11116
2015,04,18,19,08,40.342,56,11130
2015,04,18,19,08,40.342,56,11146
2015,04,18,19,08,40.342,55,11160
2015,04,18,19,08,40.342,55,11176
2015,04,18,19,08,40.416,56,11191
2015,04,18,19,08,40.416,56,11205
2015,04,18,19,08,40.416,55,11221
2015,04,18,19,08,40.416,56,11235
2015,04,18,19,08,40.416,57,11251
2015,04,18,19,08,40.490,56,11266
2015,04,18,19,08,40.490,55,11280
2015,04,18,19,08,40.490,55,11296
2015,04,18,19,08,40.490,57,11310
2015,04,18,19,08,40.490,57,11326
2015,04,18,19,08,40.553,56,11341
2015,04,18,19,08,40.553,56,11355
2015,04,18,19,08,40.553,56,11371
2015,04,18,19,08,40.553,56,11385
2015,04,18,19,08,40.553,56,11401
2015,04,18,19,08,40.631,55,11416
2015,04,18,19,08,40.631,56,11430
2015,04,18,19,08,40.631,57,11446
2015,04,18,19,08,40.631,55,11460
2015,04,18,19,08,40.631,55,11476
2015,04,18,19,08,40.712,56,11491
2015,04,18,19,08,40.712,56,11505
2015,04,18,19,08,40.712,56,11521
2015,04,18,19,08,40.712,55,11535
2015,04,18,19,08,40.712,55,11551
2015,04,18,19,08,40.778,56,11566
2015,04,18,19,08,40.778,56,11580
2015,04,18,19,08,40.778,55,11596
2015,04,18,19,08,40.778,56,11610
2015,04,18,19,08,40.778,56,11626
2015,04,18,19,08,40.853,56,11641
2015,04,18,19,08,40.853,55,11655
2015,04,18,19,08,40.853,55,11671
2015,04,18,19,08,40.853,57,11685
2015,04,18,19,08,40.853,57,11701
2015,04,18,19,08,40.933,56,11716
2015,04,18,19,08,40.933,55,11730
2015,04,18,19,08,40.933,56,11746
2015,04,18,19,08,40.933,56,11760
2015,04,18,19,08,40.933,56,11776
2015,04,18,19,08,40.994,55,11791
2015,04,18,19,08,40.994,56,11805
2015,04,18,19,08,40.994,57,11821
2015,04,18,19,08,40.994,55,11835
2015,04,18,19,08,40.994,55,11851
2015,04,18,19,08,41.074,56,11866
2015,04,18,19,08,41.074,57,11880
2015,04,18,19,08,41.074,56,11896
2015,04,18,19,08,41.074,55,11910
2015,04,18,19,08,41.074,55,11926
2015,04,18,19,08,41.141,56,11941
2015,04,18,19,08,41.141,56,11955
2015,04,18,19,08,41.141,55,11971
2015,04,18,19,08,41.141,56,11985
2015,04,18,19,08,41.141,56,12001
2015,04,18,19,08,41.217,56,12016
2015,04,18,19,08,41.217,55,12030
2015,04,18,19,08,41.217,55,12046
2015,04,18,19,08,41.217,57,12060
2015,04,18,19,08,41.217,57,12076
2015,04,18,19,08,41.291,56,12091
2015,04,18,19,08,41.291,55,12105
2015,04,18,19,08,41.291,56,12121
2015,04,18,19,08,41.291,56,12135
2015,04,18,19,08,41.291,56,12151
2015,04,18,19,08,41.363,55,12166
2015,04,18,19,08,41.363,56,12180
2015,04,18,19,08,41.363,57,12196
2015,04,18,19,08,41.363,56,12210
2015,04,18,19,08,41.363,55,12226
2015,04,18,19,08,41.441,56,12241
2015,04,18,19,08,41.441,57,12255
2015,04,18,19,08,41.441,56,12271
2015,04,18,19,08,41.441,55,12285
2015,04,18,19,08,41.441,55,12301
2015,04,18,19,08,41.504,56,12316
2015,04,18,19,08,41.504,56,12330
2015,04,18,19,08,41.504,55,12346
2015,04,18,19,08,41.504,56,12360
2015,04,18,19,08,41.504,56,12376
2015,04,18,19,08,41.652,56,12466
2015,04,18,19,08,41.652,55,12480
2015,04,18,19,08,41.652,56,12496
2015,04,18,19,08,41.652,56,12510
2015,04,18,19,08,41.652,56,12526
2015,04,18,19,08,41.735,55,12541
2015,04,18,19,08,41.735,56,12555
2015,04,18,19,08,41.735,57,12571
2015,04,18,19,08,41.735,56,12585
2015,04,18,19,08,41.735,55,12601
2015,04,18,19,08,41.805,56,12616
2015,04,18,19,08,41.805,57,12630
2015,04,18,19,08,41.805,56,12646
2015,04,18,19,08,41.805,55,12660
2015,04,18,19,08,41.805,55,12676
2015,04,18,19,08,41.874,56,12691
2015,04,18,19,08,41.874,56,12705
2015,04,18,19,08,41.874,56,12721
2015,04,18,19,08,41.874,56,12735
2015,04,18,19,08,41.874,56,12751
2015,04,18,19,08,41.946,57,12766
2015,04,18,19,08,41.946,55,12780
2015,04,18,19,08,41.946,55,12796
2015,04,18,19,08,41.946,57,12810
2015,04,18,19,08,41.946,57,12826
2015,04,18,19,08,42.025,56,12841
2015,04,18,19,08,42.025,55,12855
2015,04,18,19,08,42.025,56,12871
2015,04,18,19,08,42.025,57,12885
2015,04,18,19,08,42.025,56,12901
2015,04,18,19,08,42.094,55,12916
2015,04,18,19,08,42.094,56,12930
2015,04,18,19,08,42.094,57,12946
2015,04,18,19,08,42.094,56,12960
2015,04,18,19,08,42.094,55,12976
2015,04,18,19,08,42.171,56,12991
2015,04,18,19,08,42.171,57,13005
2015,04,18,19,08,42.171,56,13021
2015,04,18,19,08,42.171,55,13035
2015,04,18,19,08,42.171,55,13051
2015,04,18,19,08,42.237,56,13066
2015,04,18,19,08,42.237,56,13080
2015,04,18,19,08,42.237,56,13096
2015,04,18,19,08,42.237,56,13110
2015,04,18,19,08,42.237,56,13126
2015,04,18,19,08,42.318,57,13141
2015,04,18,19,08,42.318,55,13155
2015,04,18,19,08,42.318,55,13171
2015,04,18,19,08,42.318,56,13185
2015,04,18,19,08,42.318,57,13201
2015,04,18,19,08,42.392,56,13216
2015,04,18,19,08,42.392,55,13230
2015,04,18,19,08,42.392,56,13246
2015,04,18,19,08,42.392,57,13260
2015,04,18,19,08,42.392,56,13276
2015,04,18,19,08,42.458,55,13291
2015,04,18,19,08,42.458,56,13305
2015,04,18,19,08,42.458,57,13321
2015,04,18,19,08,42.458,56,13335
2015,04,18,19,08,42.458,55,13351
2015,04,18,19,08,42.540,56,13366
2015,04,18,19,08,42.540,57,13380
2015,04,18,19,08,42.540,56,13396
2015,04,18,19,08,42.540,55,13410
2015,04,18,19,08,42.540,55,13426
2015,04,18,19,08,42.613,56,13441
2015,04,18,19,08,42.613,56,13455
2015,04,18,19,08,42.613,56,13471
2015,04,18,19,08,42.613,56,13485
2015,04,18,19,08,42.613,56,13501
2015,04,18,19,08,42.678,57,13516
2015,04,18,19,08,42.678,55,13530
2015,04,18,19,08,42.678,55,13546
2015,04,18,19,08,42.678,56,13560
2015,04,18,19,08,42.678,57,13576
2015,04,18,19,08,42.757,56,13591
2015,04,18,19,08,42.757,55,13605
2015,04,18,19,08,42.757,56,13621
2015,04,18,19,08,42.757,57,13635
2015,04,18,19,08,42.757,56,13651
2015,04,18,19,08,42.825,55,13666
2015,04,18,19,08,42.825,56,13680
2015,04,18,19,08,42.825,57,13696
2015,04,18,19,08,42.825,56,13710
2015,04,18,19,08,42.825,55,13726
2015,04,18,19,08,42.896,55,13741
2015,04,18,19,08,42.896,57,13755
2015,04,18,19,08,42.896,56,13771
2015,04,18,19,08,42.896,55,13785
2015,04,18,19,08,42.896,55,13801
2015,04,18,19,08,42.971,56,13816
2015,04,18,19,08,42.971,56,13830
2015,04,18,19,08,42.971,56,13846
2015,04,18,19,08,42.971,56,13860
2015,04,18,19,08,42.971,56,13876
2015,04,18,19,08,43.052,57,13891
2015,04,18,19,08,43.052,55,13905
2015,04,18,19,08,43.052,55,13921
2015,04,18,19,08,43.052,57,13935
2015,04,18,19,08,43.052,57,13951
2015,04,18,19,08,43.116,56,13966
2015,04,18,19,08,43.116,55,13980
2015,04,18,19,08,43.116,56,13996
2015,04,18,19,08,43.116,57,14010
2015,04,18,19,08,43.116,56,14026
2015,04,18,19,08,43.195,55,14041
2015,04,18,19,08,43.195,56,14055
2015,04,18,19,08,43.195,57,14071
2015,04,18,19,08,43.195,56,14085
2015,04,18,19,08,43.195,55,14101
2015,04,18,19,08,43.270,56,14116
2015,04,18,19,08,43.270,57,14130
2015,04,18,19,08,43.270,57,14146
2015,04,18,19,08,43.270,55,14160
2015,04,18,19,08,43.270,55,14176
2015,04,18,19,08,43.339,56,14191
2015,04,18,19,08,43.339,56,14205
2015,04,18,19,08,43.339,56,14221
2015,04,18,19,08,43.339,56,14235
2015,04,18,19,08,43.339,56,14251
2015,04,18,19,08,43.421,57,14266
2015,04,18,19,08,43.421,55,14280
2015,04,18,19,08,43.421,55,14296
2015,04,18,19,08,43.421,56,14310
2015,04,18,19,08,43.421,57,14326
2015,04,18,19,08,43.491,56,14341
2015,04,18,19,08,43.491,55,14355
2015,04,18,19,08,43.491,56,14371
2015,04,18,19,08,43.491,57,14385
2015,04,18,19,08,43.491,56,14401
2015,04,18,19,08,43.559,55,14416
2015,04,18,19,08,43.559,56,14430
2015,04,18,19,08,43.559,57,14446
2015,04,18,19,08,43.559,56,14460
2015,04,18,19,08,43.559,55,14476
2015,04,18,19,08,43.634,55,14491
2015,04,18,19,08,43.634,57,14505
2015,04,18,19,08,43.634,56,14521
2015,04,18,19,08,43.634,55,14535
2015,04,18,19,08,43.634,55,14551
2015,04,18,19,08,43.711,56,14566
2015,04,18,19,08,43.711,56,14580
2015,04,18,19,08,43.711,56,14596
2015,04,18,19,08,43.711,55,14610
2015,04,18,19,08,43.711,56,14626
2015,04,18,19,08,43.779,56,14641
2015,04,18,19,08,43.779,55,14655
2015,04,18,19,08,43.779,55,14671
2015,04,18,19,08,43.779,56,14685
2015,04,18,19,08,43.779,57,14701
2015,04,18,19,08,43.856,56,14716
2015,04,18,19,08,43.856,55,14730
2015,04,18,19,08,43.856,56,14746
2015,04,18,19,08,43.856,57,14760
2015,04,18,19,08,43.856,56,14776
2015,04,18,19,08,43.926,55,14791
2015,04,18,19,08,43.926,56,14805
2015,04,18,19,08,43.926,57,14821
2015,04,18,19,08,43.926,56,14835
2015,04,18,19,08,43.926,55,14851
2015,04,18,19,08,43.999,55,14866
2015,04,18,19,08,43.999,57,14880
2015,04,18,19,08,43.999,57,14896
2015,04,18,19,08,43.999,55,14910
2015,04,18,19,08,43.999,55,14926
2015,04,18,19,08,44.066,56,14941
2015,04,18,19,08,44.066,56,14955
2015,04,18,19,08,44.066,56,14971
2015,04,18,19,08,44.066,55,14985
2015,04,18,19,08,44.066,56,15001
2015,04,18,19,08,44.148,57,15016
2015,04,18,19,08,44.148,55,15030
2015,04,18,19,08,44.148,55,15046
2015,04,18,19,08,44.148,57,15060
2015,04,18,19,08,44.148,57,15076
2015,04,18,19,08,44.217,56,15091
2015,04,18,19,08,44.217,55,15105
2015,04,18,19,08,44.217,56,15121
2015,04,18,19,08,44.217,57,15135
2015,04,18,19,08,44.217,56,15151
2015,04,18,19,08,44.287,55,15166
2015,04,18,19,08,44.287,56,15180
2015,04,18,19,08,44.287,57,15196
2015,04,18,19,08,44.287,56,15210
2015,04,18,19,08,44.287,56,15226
2015,04,18,19,08,44.372,55,15241
2015,04,18,19,08,44.372,57,15255
2015,04,18,19,08,44.372,57,15271
2015,04,18,19,08,44.372,55,15285
2015,04,18,19,08,44.372,55,15301
2015,04,18,19,08,44.436,56,15316
2015,04,18,19,08,44.436,56,15330
2015,04,18,19,08,44.436,56,15346
2015,04,18,19,08,44.436,55,15360
2015,04,18,19,08,44.436,56,15376
2015,04,18,19,08,44.517,57,15391
2015,04,18,19,08,44.517,56,15405
2015,04,18,19,08,44.517,55,15421
2015,04,18,19,08,44.517,56,15435
2015,04,18,19,08,44.517,57,15451
2015,04,18,19,08,44.582,56,15466
2015,04,18,19,08,44.582,55,15480
2015,04,18,19,08,44.582,56,15496
2015,04,18,19,08,44.582,57,15510
2015,04,18,19,08,44.582,56,15526
2015,04,18,19,08,44.661,56,15541
2015,04,18,19,08,44.661,56,15555
2015,04,18,19,08,44.661,57,15571
2015,04,18,19,08,44.661,56,15585
2015,04,18,19,08,44.661,56,15601
2015,04,18,19,08,44.804,56,15691
2015,04,18,19,08,44.804,57,15705
2015,04,18,19,08,44.804,56,15721
2015,04,18,19,08,44.804,55,15735
2015,04,18,19,08,44.804,56,15751
2015,04,18,19,08,44.881,57,15766
2015,04,18,19,08,44.881,56,15780
2015,04,18,19,08,44.881,55,15796
2015,04,18,19,08,44.881,57,15810
2015,04,18,19,08,44.881,57,15826
2015,04,18,19,08,44.952,57,15841
2015,04,18,19,08,44.952,55,15855
2015,04,18,19,08,44.952,56,15871
2015,04,18,19,08,44.952,57,15885
2015,04,18,19,08,44.952,57,15901
2015,04,18,19,08,45.022,56,15916
2015,04,18,19,08,45.022,56,15930
2015,04,18,19,08,45.022,57,15946
2015,04,18,19,08,45.022,56,15960
2015,04,18,19,08,45.022,56,15976
2015,04,18,19,08,45.099,55,15991
2015,04,18,19,08,45.099,57,16005
2015,04,18,19,08,45.099,57,16021
2015,04,18,19,08,45.099,56,16035
2015,04,18,19,08,45.099,55,16051
2015,04,18,19,08,45.167,56,16066
2015,04,18,19,08,45.167,57,16080
2015,04,18,19,08,45.167,56,16096
2015,04,18,19,08,45.167,55,16110
2015,04,18,19,08,45.167,56,16126
2015,04,18,19,08,45.247,57,16141
2015,04,18,19,08,45.247,56,16155
2015,04,18,19,08,45.247,55,16171
2015,04,18,19,08,45.247,56,16185
2015,04,18,19,08,45.247,57,16201
2015,04,18,19,08,45.320,57,16216
2015,04,18,19,08,45.320,55,16230
2015,04,18,19,08,45.320,55,16246
2015,04,18,19,08,45.320,57,16260
2015,04,18,19,08,45.320,57,16276
2015,04,18,19,08,45.386,56,16291
2015,04,18,19,08,45.386,56,16305
2015,04,18,19,08,45.386,57,16321
2015,04,18,19,08,45.386,57,16335
2015,04,18,19,08,45.386,56,16351
2015,04,18,19,08,45.474,55,16366
2015,04,18,19,08,45.474,57,16380
2015,04,18,19,08,45.474,57,16396
2015,04,18,19,08,45.474,56,16410
2015,04,18,19,08,45.474,55,16426
2015,04,18,19,08,45.536,56,16441
2015,04,18,19,08,45.536,57,16455
2015,04,18,19,08,45.536,56,16471
2015,04,18,19,08,45.536,55,16485
2015,04,18,19,08,45.536,56,16501
2015,04,18,19,08,45.612,57,16516
2015,04,18,19,08,45.612,56,16530
2015,04,18,19,08,45.612,56,16546
2015,04,18,19,08,45.612,56,16560
2015,04,18,19,08,45.612,57,16576
2015,04,18,19,08,45.685,56,16591
2015,04,18,19,08,45.685,55,16605
2015,04,18,19,08,45.685,55,16621
2015,04,18,19,08,45.685,57,16635
2015,04,18,19,08,45.685,57,16651
2015,04,18,19,08,45.764,56,16666
2015,04,18,19,08,45.764,56,16680
2015,04,18,19,08,45.764,56,16696
2015,04,18,19,08,45.764,56,16710
2015,04,18,19,08,45.764,56,16726
2015,04,18,19,08,45.833,55,16741
2015,04,18,19,08,45.833,57,16755
2015,04,18,19,08,45.833,57,16771
2015,04,18,19,08,45.833,56,16785
2015,04,18,19,08,45.833,55,16801
2015,04,18,19,08,45.908,56,16816
2015,04,18,19,08,45.908,57,16830
2015,04,18,19,08,45.908,57,16846
2015,04,18,19,08,45.908,55,16860
2015,04,18,19,08,45.908,56,16876
2015,04,18,19,08,45.986,57,16891
2015,04,18,19,08,45.986,56,16905
2015,04,18,19,08,45.986,56,16921
2015,04,18,19,08,45.986,56,16935
2015,04,18,19,08,45.986,57,16950
2015,04,18,19,08,46.047,57,16967
2015,04,18,19,08,46.047,56,16981
2015,04,18,19,08,46.047,56,16995
2015,04,18,19,08,46.047,57,17011
2015,04,18,19,08,46.047,57,17025
2015,04,18,19,10,52.204,55,15873
2015,04,18,19,10,52.204,57,15885
2015,04,18,19,10,52.204,55,15897
2015,04,18,19,10,52.204,56,15909
2015,04,18,19,10,52.204,56,15921
2015,04,18,19,10,52.215,56,15934
2015,04,18,19,10,52.215,56,15946
2015,04,18,19,10,52.215,55,15958
2015,04,18,19,10,52.215,57,15970
2015,04,18,19,10,52.215,55,15982
2015,04,18,19,10,52.255,57,15995
2015,04,18,19,10,52.255,56,16007
2015,04,18,19,10,52.255,56,16019
2015,04,18,19,10,52.255,56,16031
2015,04,18,19,10,52.255,55,16043
2015,04,18,19,10,52.325,56,16056
2015,04,18,19,10,52.325,55,16068
2015,04,18,19,10,52.325,56,16080
2015,04,18,19,10,52.325,56,16092
2015,04,18,19,10,52.325,56,16104
2015,04,18,19,10,52.382,56,16117
2015,04,18,19,10,52.382,55,16129
2015,04,18,19,10,52.382,57,16141
2015,04,18,19,10,52.382,55,16153
2015,04,18,19,10,52.382,56,16165
2015,04,18,19,10,52.423,55,16178
2015,04,18,19,10,52.423,56,16190
2015,04,18,19,10,52.423,56,16202
2015,04,18,19,10,52.423,55,16214
2015,04,18,19,10,52.423,57,16226
2015,04,18,19,10,52.490,55,16239
2015,04,18,19,10,52.490,56,16251
2015,04,18,19,10,52.490,56,16263
2015,04,18,19,10,52.490,56,16275
2015,04,18,19,10,52.490,57,16287
2015,04,18,19,10,52.543,55,16300
2015,04,18,19,10,52.543,57,16312
2015,04,18,19,10,52.543,55,16324
2015,04,18,19,10,52.543,56,16336
2015,04,18,19,10,52.543,56,16348
2015,04,18,19,10,52.609,56,16361
2015,04,18,19,10,52.609,56,16373
2015,04,18,19,10,52.609,55,16385
2015,04,18,19,10,52.609,57,16397
2015,04,18,19,10,52.609,55,16409
2015,04,18,19,10,52.667,56,16422
2015,04,18,19,10,52.667,55,16434
2015,04,18,19,10,52.667,56,16446
2015,04,18,19,10,52.667,56,16458
2015,04,18,19,10,52.667,55,16470
2015,04,18,19,10,52.728,58,16483
2015,04,18,19,10,52.728,55,16495
2015,04,18,19,10,52.728,56,16507
2015,04,18,19,10,52.728,56,16519
2015,04,18,19,10,52.728,56,16531
2015,04,18,19,10,52.789,56,16544
2015,04,18,19,10,52.789,55,16556
2015,04,18,19,10,52.789,56,16568
2015,04,18,19,10,52.789,55,16580
2015,04,18,19,10,52.789,56,16592
2015,04,18,19,10,52.845,55,16605
2015,04,18,19,10,52.845,56,16617
2015,04,18,19,10,52.845,56,16629
2015,04,18,19,10,52.845,55,16641
2015,04,18,19,10,52.845,57,16653
2015,04,18,19,10,52.905,55,16666
2015,04,18,19,10,52.905,57,16678
2015,04,18,19,10,52.905,56,16690
2015,04,18,19,10,52.905,56,16702
2015,04,18,19,10,52.905,56,16714
2015,04,18,19,10,52.968,55,16727
2015,04,18,19,10,52.968,57,16739
2015,04,18,19,10,52.968,55,16751
2015,04,18,19,10,52.968,56,16763
2015,04,18,19,10,52.968,56,16775
2015,04,18,19,10,53.024,56,16788
2015,04,18,19,10,53.024,56,16800
2015,04,18,19,10,53.024,55,16812
2015,04,18,19,10,53.024,57,16824
2015,04,18,19,10,53.024,55,16836
2015,04,18,19,10,53.079,57,16849
2015,04,18,19,10,53.079,55,16861
2015,04,18,19,10,53.079,56,16873
2015,04,18,19,10,53.079,56,16885
2015,04,18,19,10,53.079,55,16897
2015,04,18,19,10,53.144,56,16910
2015,04,18,19,10,53.144,55,16922
2015,04,18,19,10,53.144,56,16934
2015,04,18,19,10,53.144,55,16947
2015,04,18,19,10,53.144,56,16959
2015,04,18,19,10,53.198,55,16972
2015,04,18,19,10,53.198,56,16984
2015,04,18,19,10,53.198,56,16996
2015,04,18,19,10,53.198,55,17008
2015,04,18,19,10,53.198,57,17020
2015,04,18,19,10,53.261,55,17033
2015,04,18,19,10,53.261,57,17045
2015,04,18,19,10,53.261,56,17057
2015,04,18,19,10,53.261,56,17069
2015,04,18,19,10,53.261,57,17081
2015,04,18,19,10,53.327,56,17094
2015,04,18,19,10,53.327,57,17106
2015,04,18,19,10,53.327,55,17118
2015,04,18,19,10,53.327,57,17130
2015,04,18,19,10,53.327,56,17142
2015,04,18,19,10,53.382,56,17155
2015,04,18,19,10,53.382,56,17167
2015,04,18,19,10,53.382,55,17179
2015,04,18,19,10,53.382,57,17191
2015,04,18,19,10,53.382,55,17203
2015,04,18,19,10,53.439,57,17216
2015,04,18,19,10,53.439,56,17228
2015,04,18,19,10,53.439,56,17240
2015,04,18,19,10,53.439,57,17252
2015,04,18,19,10,53.439,55,17264
2015,04,18,19,10,53.499,57,17277
2015,04,18,19,10,53.499,55,17289
2015,04,18,19,10,53.499,56,17301
2015,04,18,19,10,53.499,56,17313
2015,04,18,19,10,53.499,56,17325
2015,04,18,19,10,53.562,56,17338
2015,04,18,19,10,53.562,55,17350
2015,04,18,19,10,53.562,57,17362
2015,04,18,19,10,53.562,55,17374
2015,04,18,19,10,53.562,57,17386
2015,04,18,19,10,53.614,55,17399
2015,04,18,19,10,53.614,56,17411
2015,04,18,19,10,53.614,56,17423
2015,04,18,19,10,53.614,55,17435
2015,04,18,19,10,53.614,57,17447
2015,04,18,19,10,53.679,55,17460
2015,04,18,19,10,53.679,57,17472
2015,04,18,19,10,53.679,56,17484
2015,04,18,19,10,53.679,56,17496
2015,04,18,19,10,53.679,57,17508
2015,04,18,19,10,53.735,56,17521
2015,04,18,19,10,53.735,57,17533
2015,04,18,19,10,53.735,55,17545
2015,04,18,19,10,53.735,57,17557
2015,04,18,19,10,53.735,56,17569
2015,04,18,19,10,53.792,56,17582
2015,04,18,19,10,53.792,56,17594
2015,04,18,19,10,53.792,55,17606
2015,04,18,19,10,53.792,57,17618
2015,04,18,19,10,53.792,55,17630
2015,04,18,19,10,53.858,57,17643
2015,04,18,19,10,53.858,56,17655
2015,04,18,19,10,53.858,56,17667
2015,04,18,19,10,53.858,57,17679
2015,04,18,19,10,53.858,55,17691
2015,04,18,19,10,53.911,57,17704
2015,04,18,19,10,53.911,55,17716
2015,04,18,19,10,53.911,57,17728
2015,04,18,19,10,53.911,56,17740
2015,04,18,19,10,53.911,56,17752
2015,04,18,19,10,53.976,56,17765
2015,04,18,19,10,53.976,56,17777
2015,04,18,19,10,53.976,57,17789
2015,04,18,19,10,53.976,55,17801
2015,04,18,19,10,53.976,57,17813
2015,04,18,19,10,54.042,55,17826
2015,04,18,19,10,54.042,56,17838
2015,04,18,19,10,54.042,56,17850
2015,04,18,19,10,54.042,55,17862
2015,04,18,19,10,54.042,57,17874
2015,04,18,19,10,54.091,55,17887
2015,04,18,19,10,54.091,57,17899
2015,04,18,19,10,54.091,56,17911
2015,04,18,19,10,54.091,56,17923
2015,04,18,19,10,54.091,57,17935
2015,04,18,19,10,54.155,56,17948
2015,04,18,19,10,54.155,57,17960
2015,04,18,19,10,54.155,55,17972
2015,04,18,19,10,54.155,57,17984
2015,04,18,19,10,54.155,56,17996
2015,04,18,19,10,54.213,56,18009
2015,04,18,19,10,54.213,56,18021
2015,04,18,19,10,54.213,56,18033
2015,04,18,19,10,54.213,57,18045
2015,04,18,19,10,54.213,55,18057
2015,04,18,19,10,54.276,57,18070
2015,04,18,19,10,54.276,55,18082
2015,04,18,19,10,54.276,56,18094
2015,04,18,19,10,54.276,56,18106
2015,04,18,19,10,54.276,55,18118
2015,04,18,19,10,54.331,57,18131
2015,04,18,19,10,54.331,55,18143
2015,04,18,19,10,54.331,57,18155
2015,04,18,19,10,54.331,56,18167
2015,04,18,19,10,54.331,56,18179
2015,04,18,19,10,54.390,56,18192
2015,04,18,19,10,54.390,56,18204
2015,04,18,19,10,54.390,57,18216
2015,04,18,19,10,54.390,55,18228
2015,04,18,19,10,54.390,57,18240
2015,04,18,19,10,54.450,55,18253
2015,04,18,19,10,54.450,56,18265
2015,04,18,19,10,54.450,56,18277
2015,04,18,19,10,54.450,55,18289
2015,04,18,19,10,54.450,57,18301
2015,04,18,19,10,54.513,55,18314
2015,04,18,19,10,54.513,57,18326
2015,04,18,19,10,54.513,55,18338
2015,04,18,19,10,54.513,56,18350
2015,04,18,19,10,54.513,56,18362
2015,04,18,19,10,54.566,56,18375
2015,04,18,19,10,54.566,57,18387
2015,04,18,19,10,54.566,55,18399
2015,04,18,19,10,54.566,57,18411
2015,04,18,19,10,54.566,56,18423
2015,04,18,19,10,54.631,56,18436
2015,04,18,19,10,54.631,56,18448
2015,04,18,19,10,54.631,56,18460
2015,04,18,19,10,54.631,57,18472
2015,04,18,19,10,54.631,55,18484
2015,04,18,19,10,54.692,57,18497
2015,04,18,19,10,54.692,55,18509
2015,04,18,19,10,54.692,56,18521
2015,04,18,19,10,54.692,56,18533
2015,04,18,19,10,54.692,55,18545
2015,04,18,19,10,54.753,56,18558
2015,04,18,19,10,54.753,55,18570
2015,04,18,19,10,54.753,57,18582
2015,04,18,19,10,54.753,55,18594
2015,04,18,19,10,54.753,56,18606
2015,04,18,19,10,54.813,56,18619
2015,04,18,19,10,54.813,56,18631
2015,04,18,19,10,54.813,57,18643
2015,04,18,19,10,54.813,55,18655
2015,04,18,19,10,54.813,57,18667
2015,04,18,19,10,54.875,55,18680
2015,04,18,19,10,54.875,56,18692
2015,04,18,19,10,54.875,56,18704
2015,04,18,19,10,54.875,56,18716
2015,04,18,19,10,54.875,57,18728
2015,04,18,19,10,54.926,55,18741
2015,04,18,19,10,54.926,57,18753
2015,04,18,19,10,54.926,55,18765
2015,04,18,19,10,54.926,56,18777
2015,04,18,19,10,54.926,56,18789
2015,04,18,19,10,54.989,56,18802
2015,04,18,19,10,54.989,57,18814
2015,04,18,19,10,54.989,55,18826
2015,04,18,19,10,54.989,57,18838
2015,04,18,19,10,54.989,56,18850
2015,04,18,19,10,55.049,56,18863
2015,04,18,19,10,55.049,56,18875
2015,04,18,19,10,55.049,56,18887
2015,04,18,19,10,55.049,57,18899
2015,04,18,19,10,55.049,55,18911
2015,04,18,19,10,55.110,57,18924
2015,04,18,19,10,55.110,55,18936
2015,04,18,19,10,55.110,56,18948
2015,04,18,19,10,55.110,56,18960
2015,04,18,19,10,55.110,55,18972
2015,04,18,19,10,55.168,58,18985
2015,04,18,19,10,55.168,55,18997
2015,04,18,19,10,55.168,57,19009
2015,04,18,19,10,55.168,55,19021
2015,04,18,19,10,55.168,56,19033
2015,04,18,19,10,55.222,56,19046
2015,04,18,19,10,55.222,56,19058
2015,04,18,19,10,55.222,56,19070
2015,04,18,19,10,55.222,55,19082
2015,04,18,19,10,55.222,57,19094
2015,04,18,19,10,55.290,55,19107
2015,04,18,19,10,55.290,56,19119
2015,04,18,19,10,55.290,56,19131
2015,04,18,19,10,55.290,56,19143
2015,04,18,19,10,55.290,57,19155
2015,04,18,19,19,17.701,54,21853
2015,04,18,19,19,17.701,53,21865
2015,04,18,19,19,17.701,54,21877
2015,04,18,19,19,17.701,53,21889
2015,04,18,19,19,17.701,54,21901
2015,04,18,19,19,17.713,53,21914
2015,04,18,19,19,17.713,53,21926
2015,04,18,19,19,17.713,54,21938
2015,04,18,19,19,17.713,53,21950
2015,04,18,19,19,17.713,54,21962
2015,04,18,19,19,17.771,53,21975
2015,04,18,19,19,17.771,54,21987
2015,04,18,19,19,17.771,54,21999
2015,04,18,19,19,17.771,53,22011
2015,04,18,19,19,17.771,54,22023
2015,04,18,19,19,17.850,53,22036
2015,04,18,19,19,17.850,54,22048
2015,04,18,19,19,17.850,53,22060
2015,04,18,19,19,17.850,54,22072
2015,04,18,19,19,17.850,54,22084
2015,04,18,19,19,17.901,53,22097
2015,04,18,19,19,17.901,54,22109
2015,04,18,19,19,17.901,53,22121
2015,04,18,19,19,17.901,54,22133
2015,04,18,19,19,17.901,53,22145
2015,04,18,19,19,17.949,54,22158
2015,04,18,19,19,17.949,53,22170
2015,04,18,19,19,17.949,53,22182
2015,04,18,19,19,17.949,54,22194
2015,04,18,19,19,17.949,53,22206
2015,04,18,19,19,18.011,54,22219
2015,04,18,19,19,18.011,53,22231
2015,04,18,19,19,18.011,54,22243
2015,04,18,19,19,18.011,53,22255
2015,04,18,19,19,18.011,53,22267
2015,04,18,19,19,18.063,54,22280
2015,04,18,19,19,18.063,53,22292
2015,04,18,19,19,18.063,54,22304
2015,04,18,19,19,18.063,53,22316
2015,04,18,19,19,18.063,54,22328
2015,04,18,19,19,18.128,53,22341
2015,04,18,19,19,18.128,53,22353
2015,04,18,19,19,18.128,54,22365
2015,04,18,19,19,18.128,53,22377
2015,04,18,19,19,18.128,54,22389
2015,04,18,19,19,18.188,53,22402
2015,04,18,19,19,18.188,54,22414
2015,04,18,19,19,18.188,53,22426
2015,04,18,19,19,18.188,53,22438
2015,04,18,19,19,18.188,54,22450
2015,04,18,19,19,18.243,53,22463
2015,04,18,19,19,18.243,54,22475
2015,04,18,19,19,18.243,53,22487
2015,04,18,19,19,18.243,54,22499
2015,04,18,19,19,18.243,53,22511
2015,04,18,19,19,18.310,54,22524
2015,04,18,19,19,18.310,54,22536
2015,04,18,19,19,18.310,53,22548
2015,04,18,19,19,18.310,54,22560
2015,04,18,19,19,18.310,53,22572
2015,04,18,19,19,18.365,54,22586
2015,04,18,19,19,18.365,53,22598
2015,04,18,19,19,18.365,54,22610
2015,04,18,19,19,18.365,53,22622
2015,04,18,19,19,18.365,53,22634
2015,04,18,19,19,18.429,53,22647
2015,04,18,19,19,18.429,53,22659
2015,04,18,19,19,18.429,54,22671
2015,04,18,19,19,18.429,53,22683
2015,04,18,19,19,18.429,54,22695
2015,04,18,19,19,18.486,53,22708
2015,04,18,19,19,18.486,54,22720
2015,04,18,19,19,18.486,54,22732
2015,04,18,19,19,18.486,53,22744
2015,04,18,19,19,18.486,54,22756
2015,04,18,19,19,18.546,53,22769
2015,04,18,19,19,18.546,54,22781
2015,04,18,19,19,18.546,53,22793
2015,04,18,19,19,18.546,54,22805
2015,04,18,19,19,18.546,54,22817
2015,04,18,19,19,18.601,53,22830
2015,04,18,19,19,18.601,54,22842
2015,04,18,19,19,18.601,53,22854
2015,04,18,19,19,18.601,54,22866
2015,04,18,19,19,18.601,53,22878
2015,04,18,19,19,18.660,54,22891
2015,04,18,19,19,18.660,53,22903
2015,04,18,19,19,18.660,53,22915
2015,04,18,19,19,18.660,54,22927
2015,04,18,19,19,18.660,53,22939
2015,04,18,19,19,18.721,54,22952
2015,04,18,19,19,18.721,53,22964
2015,04,18,19,19,18.721,54,22976
2015,04,18,19,19,18.721,54,22988
2015,04,18,19,19,18.721,53,23000
2015,04,18,19,19,18.785,54,23013
2015,04,18,19,19,18.785,53,23025
2015,04,18,19,19,18.785,54,23037
2015,04,18,19,19,18.785,53,23049
2015,04,18,19,19,18.785,54,23061
2015,04,18,19,19,18.840,53,23074
2015,04,18,19,19,18.840,53,23086
2015,04,18,19,19,18.840,54,23098
2015,04,18,19,19,18.840,53,23110
2015,04,18,19,19,18.840,54,23122
2015,04,18,19,19,18.906,53,23135
2015,04,18,19,19,18.906,54,23147
2015,04,18,19,19,18.906,53,23159
2015,04,18,19,19,18.906,53,23171
2015,04,18,19,19,18.906,54,23183
2015,04,18,19,19,18.955,53,23196
2015,04,18,19,19,18.955,54,23208
2015,04,18,19,19,18.955,53,23220
2015,04,18,19,19,18.955,54,23232
2015,04,18,19,19,18.955,53,23244
2015,04,18,19,19,19.017,54,23257
2015,04,18,19,19,19.017,54,23269
2015,04,18,19,19,19.017,53,23281
2015,04,18,19,19,19.017,54,23293
2015,04,18,19,19,19.017,53,23305
2015,04,18,19,19,19.082,54,23318
2015,04,18,19,19,19.082,53,23330
2015,04,18,19,19,19.082,53,23342
2015,04,18,19,19,19.082,54,23354
2015,04,18,19,19,19.082,53,23366
2015,04,18,19,19,19.145,54,23379
2015,04,18,19,19,19.145,53,23391
2015,04,18,19,19,19.145,54,23403
2015,04,18,19,19,19.145,53,23415
2015,04,18,19,19,19.145,53,23427
2015,04,18,19,19,19.210,54,23440
2015,04,18,19,19,19.210,53,23452
2015,04,18,19,19,19.210,54,23464
2015,04,18,19,19,19.210,53,23476
2015,04,18,19,19,19.210,54,23488
2015,04,18,19,19,19.260,53,23501
2015,04,18,19,19,19.260,54,23513
2015,04,18,19,19,19.260,54,23525
2015,04,18,19,19,19.260,53,23537
2015,04,18,19,19,19.260,54,23549
2015,04,18,19,19,19.321,53,23562
2015,04,18,19,19,19.321,54,23574
2015,04,18,19,19,19.321,53,23586
2015,04,18,19,19,19.321,53,23598
2015,04,18,19,19,19.321,54,23610
2015,04,18,19,19,19.381,53,23623
2015,04,18,19,19,19.381,54,23635
2015,04,18,19,19,19.381,53,23647
2015,04,18,19,19,19.381,54,23659
2015,04,18,19,19,19.381,53,23671
2015,04,18,19,19,19.437,54,23684
2015,04,18,19,19,19.437,53,23696
2015,04,18,19,19,19.437,53,23708
2015,04,18,19,19,19.437,54,23720
2015,04,18,19,19,19.437,53,23732
2015,04,18,19,19,19.494,54,23745
2015,04,18,19,19,19.494,53,23757
2015,04,18,19,19,19.494,54,23769
2015,04,18,19,19,19.494,54,23781
2015,04,18,19,19,19.494,53,23793
2015,04,18,19,19,19.559,54,23806
2015,04,18,19,19,19.559,53,23818
2015,04,18,19,19,19.559,54,23830
2015,04,18,19,19,19.559,53,23842
2015,04,18,19,19,19.559,54,23854
2015,04,18,19,19,19.611,53,23867
2015,04,18,19,19,19.611,53,23879
2015,04,18,19,19,19.611,54,23891
2015,04,18,19,19,19.611,53,23903
2015,04,18,19,19,19.611,54,23915
2015,04,18,19,19,19.677,53,23928
2015,04,18,19,19,19.677,54,23940
2015,04,18,19,19,19.677,53,23952
2015,04,18,19,19,19.677,53,23964
2015,04,18,19,19,19.677,54,23976
2015,04,18,19,19,19.743,53,23989
2015,04,18,19,19,19.743,54,24001
2015,04,18,19,19,19.743,53,24013
2015,04,18,19,19,19.743,54,24025
2015,04,18,19,19,19.743,53,24037
2015,04,18,19,19,19.799,54,24050
2015,04,18,19,19,19.799,54,24062
2015,04,18,19,19,19.799,53,24074
2015,04,18,19,19,19.799,54,24086
2015,04,18,19,19,19.799,53,24098
2015,04,18,19,19,19.855,54,24111
2015,04,18,19,19,19.855,53,24123
2015,04,18,19,19,19.855,54,24135
2015,04,18,19,19,19.855,54,24147
2015,04,18,19,19,19.855,53,24159
2015,04,18,19,19,19.915,54,24172
2015,04,18,19,19,19.915,53,24184
2015,04,18,19,19,19.915,54,24196
2015,04,18,19,19,19.915,53,24208
2015,04,18,19,19,19.915,53,24220
2015,04,18,19,19,19.972,53,24233
2015,04,18,19,19,19.972,53,24245
2015,04,18,19,19,19.972,54,24257
2015,04,18,19,19,19.972,53,24269
2015,04,18,19,19,19.972,54,24281
2015,04,18,19,19,20.033,53,24294
2015,04,18,19,19,20.033,54,24306
2015,04,18,19,19,20.033,54,24318
2015,04,18,19,19,20.033,53,24330
2015,04,18,19,19,20.033,54,24342
2015,04,18,19,19,20.091,53,24355
2015,04,18,19,19,20.091,54,24367
2015,04,18,19,19,20.091,53,24379
2015,04,18,19,19,20.091,54,24391
2015,04,18,19,19,20.091,54,24403
2015,04,18,19,19,20.155,53,24416
2015,04,18,19,19,20.155,54,24428
2015,04,18,19,19,20.155,53,24440
2015,04,18,19,19,20.155,54,24452
2015,04,18,19,19,20.155,53,24464
2015,04,18,19,19,20.207,54,24477
2015,04,18,19,19,20.207,53,24489
2015,04,18,19,19,20.207,53,24501
2015,04,18,19,19,20.207,54,24513
2015,04,18,19,19,20.207,53,24525
2015,04,18,19,19,20.269,54,24538
2015,04,18,19,19,20.269,53,24550
2015,04,18,19,19,20.269,54,24562
2015,04,18,19,19,20.269,54,24574
2015,04,18,19,19,20.269,53,24586
2015,04,18,19,19,20.335,54,24599
2015,04,18,19,19,20.335,53,24611
2015,04,18,19,19,20.335,54,24623
2015,04,18,19,19,20.335,53,24635
2015,04,18,19,19,20.335,54,24647
2015,04,18,19,19,20.389,53,24660
2015,04,18,19,19,20.389,53,24672
2015,04,18,19,19,20.389,54,24684
2015,04,18,19,19,20.389,53,24696
2015,04,18,19,19,20.389,54,24708
2015,04,18,19,19,20.455,53,24721
2015,04,18,19,19,20.455,54,24733
2015,04,18,19,19,20.455,53,24745
2015,04,18,19,19,20.455,53,24757
2015,04,18,19,19,20.455,54,24769
2015,04,18,19,19,20.509,53,24782
2015,04,18,19,19,20.509,54,24794
2015,04,18,19,19,20.509,53,24806
2015,04,18,19,19,20.509,54,24818
2015,04,18,19,19,20.509,53,24830
2015,04,18,19,19,20.573,54,24843
2015,04,18,19,19,20.573,54,24855
2015,04,18,19,19,20.573,53,24867
2015,04,18,19,19,20.573,54,24879
2015,04,18,19,19,20.573,53,24891
2015,04,18,19,19,20.626,54,24904
2015,04,18,19,19,20.626,53,24916
2015,04,18,19,19,20.626,54,24928
2015,04,18,19,19,20.626,54,24940
2015,04,18,19,19,20.626,53,24952
2015,04,18,19,19,20.690,54,24965
2015,04,18,19,19,20.690,53,24977
2015,04,18,19,19,20.690,54,24989
2015,04,18,19,19,20.690,53,25001
2015,04,18,19,19,20.690,53,25013
2015,04,18,19,19,20.744,54,25026
2015,04,18,19,19,20.744,53,25038
2015,04,18,19,19,20.744,54,25050
2015,04,18,19,19,20.744,53,25062
2015,04,18,19,19,20.744,54,25074
2015,04,18,19,19,20.805,53,25087
2015,04,18,19,19,20.805,54,25099
2015,04,18,19,19,20.805,54,25111
2015,04,18,19,19,20.805,53,25123
2015,04,18,19,19,20.805,54,25135
2015,04,18,19,19,20.866,53,25148
2015,04,18,19,19,20.866,54,25160
2015,04,18,19,19,20.866,53,25172
2015,04,18,19,19,20.866,54,25184
2015,04,18,19,19,20.866,54,25196
2015,04,18,19,19,20.921,53,25209
2015,04,18,19,19,20.921,54,25221
2015,04,18,19,19,20.921,53,25233
2015,04,18,19,19,20.921,54,25245
2015,04,18,19,19,20.921,53,25257
2015,04,18,19,19,20.990,54,25270
2015,04,18,19,19,20.990,53,25282
2015,04,18,19,19,20.990,53,25294
2015,04,18,19,19,20.990,54,25306
2015,04,18,19,19,20.990,53,25318
2015,04,18,19,19,21.046,54,25331
2015,04,18,19,19,21.046,53,25343
2015,04,18,19,19,21.046,54,25355
2015,04,18,19,19,21.046,54,25367
2015,04,18,19,19,21.046,53,25379
2015,04,18,19,19,21.100,54,25392
2015,04,18,19,19,21.100,53,25404
2015,04,18,19,19,21.100,54,25417
2015,04,18,19,19,21.100,53,25429
2015,04,18,19,19,21.100,54,25441
2015,04,18,19,19,21.167,53,25454
2015,04,18,19,19,21.167,54,25466
2015,04,18,19,19,21.167,53,25478
2015,04,18,19,19,21.167,53,25490
2015,04,18,19,19,21.167,54,25502
2015,04,18,19,19,21.220,54,25515
2015,04,18,19,19,21.220,54,25527
2015,04,18,19,19,21.220,53,25539
2015,04,18,19,19,21.220,54,25551
2015,04,18,19,19,21.220,54,25563
2015,04,18,19,19,21.282,53,25576
2015,04,18,19,19,21.282,54,25588
2015,04,18,19,19,21.282,53,25600
2015,04,18,19,19,21.282,54,25612
2015,04,18,19,19,21.282,53,25624
2015,04,18,19,19,21.349,54,25637
2015,04,18,19,19,21.349,53,25649
2015,04,18,19,19,21.349,53,25661
2015,04,18,19,19,21.349,54,25673
2015,04,18,19,19,21.349,53,25685
2015,04,18,19,19,21.400,54,25698
2015,04,18,19,19,21.400,53,25710
2015,04,18,19,19,21.400,54,25722
2015,04,18,19,19,21.400,53,25734
2015,04,18,19,19,21.400,53,25746
2015,04,18,19,19,21.460,54,25759
2015,04,18,19,19,21.460,53,25771
2015,04,18,19,19,21.460,54,25783
2015,04,18,19,19,21.460,53,25795
2015,04,18,19,19,21.460,54,25807
2015,04,18,19,19,21.518,53,25820
2015,04,18,19,19,21.518,54,25832
2015,04,18,19,19,21.518,54,25844
2015,04,18,19,19,21.518,53,25856
2015,04,18,19,19,21.518,54,25868
2015,04,18,19,19,21.589,53,25881
2015,04,18,19,19,21.589,54,25893
2015,04,18,19,19,21.589,53,25905
2015,04,18,19,19,21.589,54,25917
2015,04,18,19,19,21.589,54,25929
2015,04,18,19,19,21.643,53,25942
2015,04,18,19,19,21.643,54,25954
2015,04,18,19,19,21.643,53,25966
2015,04,18,19,19,21.643,54,25978
2015,04,18,19,19,21.643,54,25990
2015,04,18,19,19,21.705,54,26003
2015,04,18,19,19,21.705,54,26015
2015,04,18,19,19,21.705,53,26027
2015,04,18,19,19,21.705,54,26039
2015,04,18,19,19,21.705,53,26051
2015,04,18,19,19,21.767,54,26064
2015,04,18,19,19,21.767,53,26076
2015,04,18,19,19,21.767,54,26088
2015,04,18,19,19,21.767,54,26100
2015,04,18,19,19,21.767,53,26112
2015,04,18,19,19,21.823,54,26125
2015,04,18,19,19,21.823,53,26137
2015,04,18,19,19,21.823,54,26149
2015,04,18,19,19,21.823,53,26161
2015,04,18,19,19,21.823,54,26173
2015,04,18,19,19,21.882,54,26186
2015,04,18,19,19,21.882,53,26198
2015,04,18,19,19,21.882,54,26210
2015,04,18,19,19,21.882,53,26222
2015,04,18,19,19,21.882,54,26234
2015,04,18,19,19,21.936,53,26247
2015,04,18,19,19,21.936,54,26259
2015,04,18,19,19,21.936,54,26271
2015,04,18,19,19,21.936,53,26283
2015,04,18,19,19,21.936,54,26295
2015,04,18,19,19,21.994,53,26308
2015,04,18,19,19,21.994,54,26320
2015,04,18,19,19,21.994,53,26332
2015,04,18,19,19,21.994,54,26344
2015,04,18,19,19,21.994,54,26356
2015,04,18,19,19,22.053,54,26369
2015,04,18,19,19,22.053,54,26381
2015,04,18,19,19,22.053,53,26393
2015,04,18,19,19,22.053,54,26405
2015,04,18,19,19,22.053,53,26417
