#[JAVA_TIME] [NODE_ID] [SEQ_NUM] [GLOB_TIME] [IS_TIME_VALID]
1373644299633 10 644 82 1
1373644299880 10 645 334 1
1373644300123 10 646 585 1
1373644300369 10 647 837 1
1373644300609 10 648 1085 1
1373644300861 10 649 1337 1
1373644301104 10 650 1587 1
1373644301343 10 651 1833 1
1373644301586 10 652 2089 1
1373644301827 10 653 2331 1
1373644302081 10 654 2587 1
1373644302311 10 655 2830 1
1373644302562 10 656 3081 1
1373644302809 10 657 3336 1
1373644303059 10 658 3589 1
1373644303294 10 659 3831 1
1373644303533 10 660 4079 1
1373644303782 10 661 4330 1
1373644304028 10 662 4588 1
1373644304281 10 663 4838 1
1373644304518 10 664 5082 1
1373644304756 10 665 5332 1
1373644305007 10 666 5582 1
1373644305247 10 667 5830 1
1373644305498 10 668 6086 1
1373644305732 10 669 6331 1
1373644305981 10 670 6586 1
1373644306233 10 671 6839 1
1373644306469 10 672 7084 1
1373644306716 10 673 7335 1
1373644306954 10 674 7585 1
1373644307194 10 675 7832 1
1373644307453 10 676 8087 1
1373644307688 10 677 8334 1
1373644307935 10 678 8588 1
1373644308185 10 679 8838 1
1373644308420 10 680 9085 1
1373644308671 10 681 9337 1
1373644308905 10 682 9580 1
1373644309158 10 683 9836 1
1373644309395 10 684 10081 1
1373644309642 10 685 10338 1
1373644309877 10 686 10579 1
1373644310135 10 687 10836 1
1373644310370 10 688 11084 1
1373644310623 10 689 11335 1
1373644310861 10 690 11579 1
1373644311111 10 691 11837 1
1373644311349 10 692 12081 1
1373644311597 10 693 12336 1
1373644311839 10 694 12584 1
1373644312090 10 695 12834 1
1373644312335 10 696 13087 1
1373644312564 10 697 13330 1
1373644312811 10 698 13581 1
1373644313060 10 699 13837 1
1373644313305 10 700 14085 1
1373644313551 10 701 14338 0
1373644313792 10 702 14583 0
1373644314032 10 703 14832 0
1373644314279 10 704 15081 0
1373644314529 10 705 15337 0
1373644314767 10 706 15585 0
1373644315007 10 707 15829 0
1373644315255 10 708 16082 0
1373644315507 10 709 16334 0
1373644315740 10 710 16581 0
1373644315985 10 711 16831 0
1373644316231 10 712 17083 0
1373644316485 10 713 17338 0
1373644316731 10 714 17588 0
1373644316970 10 715 17835 0
1373644317215 10 716 18089 0
1373644317458 10 717 18336 0
1373644317707 10 718 18586 0
1373644317948 10 719 18836 0
1373644318182 10 720 19082 0
1373644318436 10 721 19338 0
1373644318672 10 722 19578 0
1373644318919 10 723 19831 0
1373644319169 10 724 20084 0
1373644319409 10 725 20336 0
1373644319652 10 726 20580 0
1373644319889 10 727 20829 0
1373644320137 10 728 21083 0
1373644320386 10 729 21334 0
1373644320624 10 730 21580 0
1373644320870 10 731 21835 0
1373644321110 10 732 22081 0
1373644321365 10 733 22333 0
1373644321842 10 735 22831 0
1373644322100 10 736 23086 0
1373644322345 10 737 23336 0
1373644322590 10 738 23589 0
1373644322826 10 739 23831 0
1373644323072 10 740 24083 0
1373644323316 10 741 24336 0
1373644323566 10 742 24588 0
1373644323804 10 743 24837 0
1373644324044 10 744 25082 0
1373644324290 10 745 25335 0
1373644324540 10 746 25584 0
1373644324781 10 747 25837 0
1373644325028 10 748 26089 0
1373644325265 10 749 26331 0
1373644325510 10 750 26583 0
1373644325756 10 751 26830 0
1373644326001 10 752 27085 0
1373644326241 10 753 27332 0
1373644326489 10 754 27579 0
1373644326739 10 755 27839 0
1373644326986 10 756 28087 0
1373644327214 10 757 28331 0
1373644327467 10 758 28580 0
1373644327710 10 759 28834 0
1373644327946 10 760 29080 0
1373644328198 10 761 29331 0
1373644328443 10 762 29586 0
1373644328687 10 763 29838 0
1373644328932 10 764 30087 0
1373644329173 10 765 30338 0
1373644329414 10 766 30582 0
1373644329658 10 767 30832 0
1373644329900 10 768 31080 0
1373644330146 10 769 31333 0
1373644330398 10 770 31589 0
1373644330635 10 771 31831 0
1373644330885 10 772 32084 0
1373644331129 10 773 32334 0
1373644331372 10 774 32581 0
1373644331613 10 775 32829 0
1373644331862 10 776 33087 0
1373644332106 10 777 33338 0
1373644332341 10 778 33582 0
1373644332591 10 779 33833 0
1373644332845 10 780 34087 0
1373644333077 10 781 34328 0
1373644333323 10 782 34587 0
1373644333563 10 783 34829 0
1373644333815 10 784 35086 0
1373644334065 10 785 35338 0
1373644334298 10 786 35580 0
1373644334542 10 787 35834 0
1373644334792 10 788 36082 0
1373644335042 10 789 36337 0
1373644335282 10 790 36587 0
1373644335520 10 791 36833 0
1373644335773 10 792 37086 0
1373644336012 10 793 37333 0
1373644336255 10 794 37583 0
1373644336491 10 795 37829 0
1373644336745 10 796 38087 0
1373644336984 10 797 38330 0
1373644337240 10 798 38589 0
1373644337468 10 799 38828 0
1373644337721 10 800 39087 0
1373644337954 10 801 39329 0
1373644338209 10 802 39580 0
1373644338445 10 803 39829 0
1373644338691 10 804 40080 0
1373644338938 10 805 40330 0
1373644339182 10 806 40582 0
1373644339430 10 807 40834 0
1373644339669 10 808 41079 0
1373644339916 10 809 41332 0
1373644340157 10 810 41585 0
1373644343821 20 825 26 1
1373644344063 20 826 277 1
1373644344314 20 827 533 1
1373644344557 20 828 779 1
1373644344797 20 829 1032 1
1373644345041 20 830 1276 1
1373644345288 20 831 1529 1
1373644345530 20 832 1779 1
1373644345772 20 833 2026 1
1373644346026 20 834 2283 1
1373644346258 20 835 2527 1
1373644346504 20 836 2774 1
1373644346757 20 837 3032 1
1373644346989 20 838 3275 1
1373644347241 20 839 3528 1
1373644347489 20 840 3778 1
1373644347730 20 841 4026 1
1373644347963 20 842 4274 1
1373644348219 20 843 4531 1
1373644348464 20 844 4779 1
1373644348710 20 845 5031 1
1373644348939 20 846 5273 1
1373644349197 20 847 5532 1
1373644349439 20 848 5776 1
1373644349681 20 849 6025 1
1373644349924 20 850 6281 1
1373644350417 20 852 6779 1
1373644350660 20 853 7026 1
1373644350902 20 854 7283 1
