#[JAVA_TIME] [NODE_ID] [SEQ_NUM] [GLOB_TIME] [IS_TIME_VALID]
1373644527664 10 1578 32 1
1373644527903 10 1579 282 1
1373644528154 10 1580 535 1
1373644528392 10 1581 781 1
1373644528631 10 1582 1025 1
1373644528877 10 1583 1275 1
1373644529128 10 1584 1529 1
1373644529372 10 1585 1781 1
1373644529613 10 1586 2035 1
1373644529866 10 1587 2285 1
1373644530101 10 1588 2525 1
1373644530347 10 1589 2782 1
1373644530593 10 1590 3030 1
1373644530837 10 1591 3283 1
1373644531086 10 1592 3535 1
1373644531325 10 1593 3786 1
1373644531569 10 1594 4034 1
1373644531803 10 1595 4276 1
1373644532056 10 1596 4535 1
1373644532306 10 1597 4785 1
1373644532548 10 1598 5030 1
1373644532779 10 1599 5275 1
