#[JAVA_TIME] [NODE_ID] [SEQ_NUM] [GLOB_TIME] [IS_TIME_VALID]
1373644078605 10 1 12953 1
1373644078612 20 1 9776 1
1373644078846 10 2 13195 1
1373644078854 20 2 10017 1
1373644079093 20 3 10276 1
1373644079100 10 3 13453 1
1373644079341 10 4 13694 1
1373644079583 10 5 13954 1
1373644079589 20 5 10777 1
1373644079825 10 6 14197 0
1373644079832 20 6 14196 1
1373644080075 20 7 14452 1
1373644080082 10 7 14454 0
1373644080311 20 8 14698 1
1373644080318 10 8 14699 0
1373644080557 20 9 14953 1
1373644080567 10 9 14954 0
1373644080805 10 10 15196 0
1373644081042 20 11 15444 1
1373644081049 10 11 15445 0
1373644081294 20 12 15700 1
1373644081301 10 12 15702 0
1373644081527 10 13 15945 0
1373644081534 20 13 15943 1
1373644081779 20 14 16197 1
1373644081786 10 14 16199 0
1373644082024 10 15 16454 0
1373644082032 20 15 16453 1
1373644082268 10 16 16702 0
1373644082275 20 16 16700 1
1373644082504 20 17 16945 1
1373644082511 10 17 16945 0
1373644082761 20 18 17203 1
1373644083004 20 19 17453 1
1373644083010 10 19 17454 0
1373644083250 20 20 17704 1
1373644083257 10 20 17705 0
1373644083487 10 21 17947 0
1373644083494 20 21 17947 1
1373644083728 10 22 18200 0
1373644083736 20 22 18200 1
1373644083971 20 23 18447 1
1373644083978 10 23 18447 0
1373644084217 20 24 18700 1
1373644084225 10 24 18699 0
1373644084460 20 25 18950 1
1373644084466 10 25 18949 0
1373644084710 10 26 19204 0
1373644084717 20 26 19204 1
1373644084946 10 27 19444 0
1373644084953 20 27 19445 1
1373644085203 10 28 19704 0
1373644085210 20 28 19705 1
1373644085436 10 29 19948 0
1373644085443 20 29 19946 1
1373644085685 10 30 20197 0
1373644085689 20 30 20196 1
1373644085931 20 31 20448 1
1373644085938 10 31 20450 0
1373644086173 20 32 20696 1
1373644086180 10 32 20697 0
1373644086408 20 33 20943 1
1373644086414 10 33 20944 0
1373644086664 10 34 21197 0
1373644086901 10 35 21449 0
1373644086909 20 35 21447 1
1373644087151 10 36 21697 0
1373644087395 10 37 21955 0
1373644087403 20 37 21953 1
1373644087640 20 38 22203 1
1373644087646 10 38 22204 0
1373644087882 10 39 22451 0
1373644087888 20 39 22450 1
1373644088123 20 40 22695 0
1373644088130 10 40 22695 0
1373644088363 10 41 22947 0
1373644088370 20 41 22946 0
1373644088616 20 42 23202 0
1373644088623 10 42 23202 0
1373644088865 20 43 23453 0
1373644088871 10 43 23454 0
1373644089107 20 44 23704 0
1373644089114 10 44 23705 0
1373644089353 20 45 23950 0
1373644089598 20 46 24205 0
1373644089833 10 47 24446 0
1373644089840 20 47 24446 0
1373644090085 10 48 24704 0
1373644090092 20 48 24703 0
1373644090318 20 49 24947 0
1373644090325 10 49 24947 0
1373644090570 10 50 25198 0
1373644090807 10 51 25444 0
1373644090814 20 51 25444 0
