2014,06,23,16,31,06.884,264,110
2014,06,23,16,31,06.884,264,210
2014,06,23,16,31,06.884,265,310
2014,06,23,16,31,06.884,264,410
2014,06,23,16,31,06.884,266,510
2014,06,23,16,31,07.355,265,611
2014,06,23,16,31,07.355,265,711
2014,06,23,16,31,07.355,266,811
2014,06,23,16,31,07.355,264,911
2014,06,23,16,31,07.355,266,1011
2014,06,23,16,31,07.844,266,1112
2014,06,23,16,31,07.844,263,1210
2014,06,23,16,31,07.844,265,1310
2014,06,23,16,31,07.844,265,1410
2014,06,23,16,31,07.844,265,1510
2014,06,23,16,31,08.329,266,1611
2014,06,23,16,31,08.329,265,1711
2014,06,23,16,31,08.329,266,1811
2014,06,23,16,31,08.329,266,1911
2014,06,23,16,31,08.329,264,2011
2014,06,23,16,31,08.823,265,2112
2014,06,23,16,31,08.823,267,2210
2014,06,23,16,31,08.823,265,2310
2014,06,23,16,31,08.823,265,2410
2014,06,23,16,31,08.823,265,2510
2014,06,23,16,31,09.306,267,2611
2014,06,23,16,31,09.306,266,2711
2014,06,23,16,31,09.306,266,2811
2014,06,23,16,31,09.306,265,2911
2014,06,23,16,31,09.306,265,3011
2014,06,23,16,31,09.799,267,3112
2014,06,23,16,31,09.799,265,3210
2014,06,23,16,31,09.799,265,3310
2014,06,23,16,31,09.799,264,3410
2014,06,23,16,31,09.799,265,3510
2014,06,23,16,31,10.288,266,3611
2014,06,23,16,31,10.288,265,3711
2014,06,23,16,31,10.288,264,3811
2014,06,23,16,31,10.288,267,3911
2014,06,23,16,31,10.288,266,4011
2014,06,23,16,31,10.768,265,4112
2014,06,23,16,31,10.768,265,4210
2014,06,23,16,31,10.768,265,4310
2014,06,23,16,31,10.768,265,4410
2014,06,23,16,31,10.768,266,4510
2014,06,23,16,31,11.264,266,4611
2014,06,23,16,31,11.264,265,4711
2014,06,23,16,31,11.264,266,4811
2014,06,23,16,31,11.264,266,4911
2014,06,23,16,31,11.264,264,5011
2014,06,23,16,31,11.746,266,5112
2014,06,23,16,31,11.746,265,5210
2014,06,23,16,31,11.746,266,5310
2014,06,23,16,31,11.746,264,5410
2014,06,23,16,31,11.746,265,5510
2014,06,23,16,31,12.238,267,5611
2014,06,23,16,31,12.238,265,5711
2014,06,23,16,31,12.238,266,5811
2014,06,23,16,31,12.238,265,5911
2014,06,23,16,31,12.238,265,6011
2014,06,23,16,31,12.728,267,6112
2014,06,23,16,31,12.728,264,6210
2014,06,23,16,31,12.728,267,6310
2014,06,23,16,31,12.728,264,6410
2014,06,23,16,31,12.728,266,6510
2014,06,23,16,31,13.214,267,6611
2014,06,23,16,31,13.214,265,6711
2014,06,23,16,31,13.214,266,6811
2014,06,23,16,31,13.214,266,6911
2014,06,23,16,31,13.214,265,7011
2014,06,23,16,31,13.700,266,7112
2014,06,23,16,31,13.700,267,7210
2014,06,23,16,31,13.700,265,7310
2014,06,23,16,31,13.700,266,7410
2014,06,23,16,31,13.700,265,7510
2014,06,23,16,31,14.198,264,7611
2014,06,23,16,31,14.198,266,7711
2014,06,23,16,31,14.198,267,7811
2014,06,23,16,31,14.198,266,7911
2014,06,23,16,31,14.198,266,8011
2014,06,23,16,31,14.678,266,8112
2014,06,23,16,31,14.678,266,8210
2014,06,23,16,31,14.678,265,8310
2014,06,23,16,31,14.678,265,8410
2014,06,23,16,31,14.678,266,8510
2014,06,23,16,31,15.169,265,8611
2014,06,23,16,31,15.169,265,8711
2014,06,23,16,31,15.169,265,8811
2014,06,23,16,31,15.169,267,8911
2014,06,23,16,31,15.169,266,9011
2014,06,23,16,31,15.659,265,9112
2014,06,23,16,31,15.659,265,9210
2014,06,23,16,31,15.659,265,9310
2014,06,23,16,31,15.659,267,9410
2014,06,23,16,31,15.659,266,9510
2014,06,23,16,31,16.140,266,9611
2014,06,23,16,31,16.140,266,9711
2014,06,23,16,31,16.140,265,9811
2014,06,23,16,31,16.140,266,9911
2014,06,23,16,31,16.140,265,10011
2014,06,23,16,31,16.635,266,10112
2014,06,23,16,31,16.635,266,10210
2014,06,23,16,31,16.635,265,10310
2014,06,23,16,31,16.635,266,10410
2014,06,23,16,31,16.635,266,10510
2014,06,23,16,31,17.123,265,10611
2014,06,23,16,31,17.123,265,10711
2014,06,23,16,31,17.123,266,10811
2014,06,23,16,31,17.123,265,10911
2014,06,23,16,31,17.123,266,11011
2014,06,23,16,31,17.611,264,11112
2014,06,23,16,31,17.611,266,11210
2014,06,23,16,31,17.611,264,11310
2014,06,23,16,31,17.611,265,11410
2014,06,23,16,31,17.611,266,11510
2014,06,23,16,31,18.097,265,11611
2014,06,23,16,31,18.097,266,11711
2014,06,23,16,31,18.097,264,11811
2014,06,23,16,31,18.097,267,11911
2014,06,23,16,31,18.097,265,12011
2014,06,23,16,31,18.587,266,12112
2014,06,23,16,31,18.587,268,12210
2014,06,23,16,31,18.587,266,12310
2014,06,23,16,31,18.587,267,12410
2014,06,23,16,31,18.587,266,12510
2014,06,23,16,31,19.076,266,12611
2014,06,23,16,31,19.076,266,12711
2014,06,23,16,31,19.076,266,12811
2014,06,23,16,31,19.076,267,12911
2014,06,23,16,31,19.076,275,1
2014,06,23,16,31,19.564,13112,1
2014,06,23,16,31,19.564,13210,0
2014,06,23,16,31,19.564,13310,0
2014,06,23,16,31,19.564,13410,0
2014,06,23,16,31,19.564,275,1
2014,06,23,16,31,20.054,13611,1
2014,06,23,16,31,20.054,13711,0
2014,06,23,16,31,20.054,275,1
2014,06,23,16,31,20.054,13911,0
2014,06,23,16,31,20.054,14011,0
2014,06,23,16,31,20.535,274,1
2014,06,23,16,31,20.535,14211,0
2014,06,23,16,31,20.535,274,1
2014,06,23,16,31,20.535,14411,1
2014,06,23,16,31,20.535,14511,1
2014,06,23,16,31,21.025,14612,1
2014,06,23,16,31,21.025,14710,1
2014,06,23,16,31,21.025,14810,1
2014,06,23,16,31,21.025,14910,0
2014,06,23,16,31,21.025,15010,0
2014,06,23,16,31,21.519,15111,0
2014,06,23,16,31,21.519,275,1
2014,06,23,16,31,21.519,15311,0
2014,06,23,16,31,21.519,15411,0
2014,06,23,16,31,21.519,15511,0
2014,06,23,16,31,22.001,273,1
2014,06,23,16,31,22.001,15710,0
2014,06,23,16,31,22.001,15810,0
2014,06,23,16,31,22.001,15910,0
2014,06,23,16,31,22.001,274,1
2014,06,23,16,31,22.491,16111,1
2014,06,23,16,31,22.491,16211,1
2014,06,23,16,31,22.491,16311,0
2014,06,23,16,31,22.491,276,1
2014,06,23,16,31,22.491,16511,1
2014,06,23,16,31,22.983,16612,1
2014,06,23,16,31,22.983,16710,0
2014,06,23,16,31,22.983,275,1
2014,06,23,16,31,22.983,16910,0
2014,06,23,16,31,22.983,17011,0
2014,06,23,16,31,23.471,17112,0
2014,06,23,16,31,23.471,17210,0
2014,06,23,16,31,23.471,17310,0
2014,06,23,16,31,23.471,274,1
2014,06,23,16,31,23.471,17510,1
2014,06,23,16,31,23.960,17611,1
2014,06,23,16,31,23.960,17711,1
2014,06,23,16,31,23.960,17811,1
2014,06,23,16,31,23.960,17911,0
2014,06,23,16,31,23.960,276,1
2014,06,23,16,31,24.443,18112,0
2014,06,23,16,31,24.443,274,1
2014,06,23,16,31,24.443,18310,0
2014,06,23,16,31,24.443,275,1
2014,06,23,16,31,24.443,18510,1
2014,06,23,16,31,24.928,18611,0
2014,06,23,16,31,24.928,273,1
2014,06,23,16,31,24.928,18811,0
2014,06,23,16,31,24.928,18911,0
2014,06,23,16,31,24.928,273,1
2014,06,23,16,31,25.420,19112,0
2014,06,23,16,31,25.420,19210,0
2014,06,23,16,31,25.420,19310,0
2014,06,23,16,31,25.420,275,1
2014,06,23,16,31,25.420,19510,0
2014,06,23,16,31,25.911,19611,0
2014,06,23,16,31,25.911,275,1
2014,06,23,16,31,25.911,19810,1
2014,06,23,16,31,25.911,19910,1
2014,06,23,16,31,25.911,20010,1
2014,06,23,16,31,26.403,20111,1
2014,06,23,16,31,26.403,20211,1
2014,06,23,16,31,26.403,20311,1
2014,06,23,16,31,26.403,20411,0
2014,06,23,16,31,26.403,20511,0
2014,06,23,16,31,26.886,20612,0
2014,06,23,16,31,26.886,20710,0
2014,06,23,16,31,26.886,20810,0
2014,06,23,16,31,26.886,20910,0
2014,06,23,16,31,26.886,276,1
2014,06,23,16,31,27.375,21111,0
2014,06,23,16,31,27.375,21211,0
2014,06,23,16,31,27.375,21311,0
2014,06,23,16,31,27.375,21411,0
2014,06,23,16,31,27.375,21511,0
2014,06,23,16,31,27.861,275,1
2014,06,23,16,31,27.861,21710,1
2014,06,23,16,31,27.861,21810,1
2014,06,23,16,31,27.861,21910,1
2014,06,23,16,31,27.861,22010,1
2014,06,23,16,31,28.353,22111,1
2014,06,23,16,31,28.353,22211,0
2014,06,23,16,31,28.353,22311,0
2014,06,23,16,31,28.353,275,1
2014,06,23,16,31,28.353,22511,1
2014,06,23,16,31,28.844,22611,1
2014,06,23,16,31,28.844,22711,1
2014,06,23,16,31,28.844,22811,1
2014,06,23,16,31,28.844,22911,1
2014,06,23,16,31,28.844,23011,1
2014,06,23,16,31,29.323,23112,0
2014,06,23,16,31,29.323,274,1
2014,06,23,16,31,29.323,23310,1
2014,06,23,16,31,29.323,23410,0
2014,06,23,16,31,29.323,274,1
2014,06,23,16,31,29.815,23611,0
2014,06,23,16,31,29.815,23711,0
2014,06,23,16,31,29.815,23811,0
2014,06,23,16,31,29.815,23911,0
2014,06,23,16,31,29.815,24011,0
2014,06,23,16,31,30.304,274,1
2014,06,23,16,31,30.304,24210,0
2014,06,23,16,31,30.304,24310,0
2014,06,23,16,31,30.304,276,1
2014,06,23,16,31,30.304,24510,0
2014,06,23,16,31,30.793,274,1
2014,06,23,16,31,30.793,24711,0
2014,06,23,16,31,30.793,24811,0
2014,06,23,16,31,30.793,275,1
2014,06,23,16,31,30.793,25011,1
2014,06,23,16,31,31.275,25112,0
2014,06,23,16,31,31.275,274,1
2014,06,23,16,31,31.275,25310,1
2014,06,23,16,31,31.275,25411,0
2014,06,23,16,31,31.275,25511,0
2014,06,23,16,31,31.766,25612,0
2014,06,23,16,31,31.766,275,1
2014,06,23,16,31,31.766,25810,1
2014,06,23,16,31,31.766,25910,1
2014,06,23,16,31,31.766,26010,0
2014,06,23,16,31,32.255,274,1
2014,06,23,16,31,32.255,26211,1
2014,06,23,16,31,32.255,26311,0
2014,06,23,16,31,32.255,275,1
2014,06,23,16,31,32.255,26511,1
2014,06,23,16,31,32.745,26612,0
2014,06,23,16,31,32.745,276,1
2014,06,23,16,31,32.745,26810,1
2014,06,23,16,31,32.745,26910,0
2014,06,23,16,31,32.745,274,1
2014,06,23,16,31,33.230,27111,0
2014,06,23,16,31,33.230,27211,0
2014,06,23,16,31,33.230,275,1
2014,06,23,16,31,33.230,27411,0
2014,06,23,16,31,33.230,275,1
2014,06,23,16,31,33.724,27612,1
2014,06,23,16,31,33.724,27710,1
2014,06,23,16,31,33.724,27810,0
2014,06,23,16,31,33.724,27910,0
2014,06,23,16,31,33.724,28010,0
2014,06,23,16,31,34.205,28111,0
2014,06,23,16,31,34.205,28211,0
2014,06,23,16,31,34.205,273,1
2014,06,23,16,31,34.205,28410,0
2014,06,23,16,31,34.205,28510,0
2014,06,23,16,31,34.695,275,1
2014,06,23,16,31,34.695,28711,1
2014,06,23,16,31,34.695,28811,0
2014,06,23,16,31,34.695,275,1
2014,06,23,16,31,34.695,29011,0
2014,06,23,16,31,35.191,29112,0
2014,06,23,16,31,35.191,275,1
2014,06,23,16,31,35.191,29310,1
2014,06,23,16,31,35.191,29410,1
2014,06,23,16,31,35.191,29510,1
2014,06,23,16,31,35.680,29611,0
2014,06,23,16,31,35.680,29711,0
2014,06,23,16,31,35.680,273,1
2014,06,23,16,31,35.680,29911,1
2014,06,23,16,31,35.680,30011,0
2014,06,23,16,31,36.164,275,1
2014,06,23,16,31,36.164,30210,1
2014,06,23,16,31,36.164,30310,0
2014,06,23,16,31,36.164,275,1
2014,06,23,16,31,36.164,30510,0
2014,06,23,16,31,36.650,30611,0
2014,06,23,16,31,36.650,275,1
2014,06,23,16,31,36.650,30811,0
2014,06,23,16,31,36.650,30911,0
2014,06,23,16,31,36.650,274,1
2014,06,23,16,31,37.136,31111,0
2014,06,23,16,31,37.136,31211,0
2014,06,23,16,31,37.136,274,1
2014,06,23,16,31,37.136,31411,0
2014,06,23,16,31,37.136,31511,0
2014,06,23,16,31,37.636,276,1
2014,06,23,16,31,37.636,31710,1
2014,06,23,16,31,37.636,31810,1
2014,06,23,16,31,37.636,31910,1
2014,06,23,16,31,37.636,32010,1
2014,06,23,16,31,38.126,32111,1
2014,06,23,16,31,38.126,32211,0
2014,06,23,16,31,38.126,32311,0
2014,06,23,16,31,38.126,32411,0
2014,06,23,16,31,38.126,32511,0
2014,06,23,16,31,38.604,274,1
2014,06,23,16,31,38.604,32710,0
2014,06,23,16,31,38.604,32810,0
2014,06,23,16,31,38.604,32910,0
2014,06,23,16,31,38.604,33010,0
2014,06,23,16,31,39.089,273,1
2014,06,23,16,31,39.089,33211,1
2014,06,23,16,31,39.089,33311,0
2014,06,23,16,31,39.089,33411,0
2014,06,23,16,31,39.089,33511,0
2014,06,23,16,31,39.581,33612,0
2014,06,23,16,31,39.581,274,1
2014,06,23,16,31,39.581,33810,0
2014,06,23,16,31,39.581,33911,0
2014,06,23,16,31,39.581,275,1
2014,06,23,16,31,40.063,34112,1
2014,06,23,16,31,40.063,34210,1
2014,06,23,16,31,40.063,34310,1
2014,06,23,16,31,40.063,34410,0
2014,06,23,16,31,40.063,34510,0
2014,06,23,16,31,40.562,34611,0
2014,06,23,16,31,40.562,275,1
2014,06,23,16,31,40.562,34811,1
2014,06,23,16,31,40.562,34911,0
2014,06,23,16,31,40.562,35011,0
2014,06,23,16,31,41.046,35112,0
2014,06,23,16,31,41.046,35210,0
2014,06,23,16,31,41.046,275,1
2014,06,23,16,31,41.046,35410,1
2014,06,23,16,31,41.046,35510,1
2014,06,23,16,31,41.530,35611,1
2014,06,23,16,31,41.530,35711,0
2014,06,23,16,31,41.530,276,1
2014,06,23,16,31,41.530,35911,0
2014,06,23,16,31,41.530,276,1
2014,06,23,16,31,42.025,36112,0
2014,06,23,16,31,42.025,36210,0
2014,06,23,16,31,42.025,36310,0
2014,06,23,16,31,42.025,273,1
2014,06,23,16,31,42.025,36510,1
2014,06,23,16,31,42.506,36611,0
2014,06,23,16,31,42.506,275,1
2014,06,23,16,31,42.506,36810,0
2014,06,23,16,31,42.506,36910,0
2014,06,23,16,31,42.506,37010,0
2014,06,23,16,31,42.995,275,1
2014,06,23,16,31,42.995,37211,1
2014,06,23,16,31,42.995,37311,1
2014,06,23,16,31,42.995,37411,0
2014,06,23,16,31,42.995,275,1
2014,06,23,16,31,43.490,37612,0
2014,06,23,16,31,43.490,37710,0
2014,06,23,16,31,43.490,277,1
2014,06,23,16,31,43.490,37910,0
2014,06,23,16,31,43.490,38010,1
2014,06,23,16,31,43.973,38111,1
2014,06,23,16,31,43.973,38211,0
2014,06,23,16,31,43.973,38311,1
2014,06,23,16,31,43.973,38411,0
2014,06,23,16,31,43.973,275,1
2014,06,23,16,31,44.460,38612,1
2014,06,23,16,31,44.460,38710,0
2014,06,23,16,31,44.460,275,1
2014,06,23,16,31,44.460,38910,1
2014,06,23,16,31,44.460,39010,1
2014,06,23,16,31,44.950,39111,0
2014,06,23,16,31,44.950,274,1
2014,06,23,16,31,44.950,39311,0
2014,06,23,16,31,44.950,274,1
2014,06,23,16,31,44.950,39511,1
2014,06,23,16,31,45.442,39611,0
2014,06,23,16,31,45.442,39711,0
2014,06,23,16,31,45.442,275,1
2014,06,23,16,31,45.442,39911,1
2014,06,23,16,31,45.442,40011,1
2014,06,23,16,31,45.926,40112,1
2014,06,23,16,31,45.926,40210,1
2014,06,23,16,31,45.926,40310,1
2014,06,23,16,31,45.926,40410,1
2014,06,23,16,31,45.926,40510,1
2014,06,23,16,31,46.414,40611,0
2014,06,23,16,31,46.414,276,1
2014,06,23,16,31,46.414,40811,0
2014,06,23,16,31,46.414,40911,0
2014,06,23,16,31,46.414,41011,0
2014,06,23,16,31,46.902,41112,0
2014,06,23,16,31,46.902,41210,0
2014,06,23,16,31,46.902,41310,0
2014,06,23,16,31,46.902,275,1
2014,06,23,16,31,46.902,41510,1
2014,06,23,16,31,47.396,41611,1
2014,06,23,16,31,47.396,41711,0
2014,06,23,16,31,47.396,272,1
2014,06,23,16,31,47.396,276,1
2014,06,23,16,31,47.396,42011,1
2014,06,23,16,31,47.885,42112,0
2014,06,23,16,31,47.885,42210,0
2014,06,23,16,31,47.885,42310,0
2014,06,23,16,31,47.885,42411,0
2014,06,23,16,31,47.885,274,1
2014,06,23,16,31,48.373,42612,1
2014,06,23,16,31,48.373,42710,1
2014,06,23,16,31,48.373,42810,0
2014,06,23,16,31,48.373,276,1
2014,06,23,16,31,48.373,43010,0
2014,06,23,16,31,48.857,275,1
2014,06,23,16,31,48.857,43211,1
2014,06,23,16,31,48.857,43311,0
2014,06,23,16,31,48.857,43411,0
2014,06,23,16,31,48.857,43511,0
2014,06,23,16,31,49.347,43612,0
2014,06,23,16,31,49.347,43710,0
2014,06,23,16,31,49.347,43810,0
2014,06,23,16,31,49.347,43910,0
2014,06,23,16,31,49.347,44010,0
2014,06,23,16,31,49.833,275,1
2014,06,23,16,31,49.833,44211,0
2014,06,23,16,31,49.833,44311,0
2014,06,23,16,31,49.833,275,1
2014,06,23,16,31,49.833,44511,1
2014,06,23,16,31,50.328,44612,0
2014,06,23,16,31,50.328,44710,0
2014,06,23,16,31,50.328,44810,0
2014,06,23,16,31,50.328,44910,0
2014,06,23,16,31,50.328,274,1
2014,06,23,16,31,50.813,45111,1
2014,06,23,16,31,50.813,45210,0
2014,06,23,16,31,50.813,45310,0
2014,06,23,16,31,50.813,45410,0
2014,06,23,16,31,50.813,275,1
2014,06,23,16,31,51.300,45611,0
2014,06,23,16,31,51.300,275,1
2014,06,23,16,31,51.300,45811,1
2014,06,23,16,31,51.300,45911,1
2014,06,23,16,31,51.300,46011,0
2014,06,23,16,31,51.783,274,1
2014,06,23,16,31,51.783,46210,1
2014,06,23,16,31,51.783,46310,1
2014,06,23,16,31,51.783,46410,0
2014,06,23,16,31,51.783,276,1
2014,06,23,16,31,52.271,46611,0
2014,06,23,16,31,52.271,275,1
2014,06,23,16,31,52.271,46811,1
2014,06,23,16,31,52.271,46911,0
2014,06,23,16,31,52.271,275,1
2014,06,23,16,31,52.766,47112,1
2014,06,23,16,31,52.766,47210,0
2014,06,23,16,31,52.766,276,1
2014,06,23,16,31,52.766,47410,0
2014,06,23,16,31,52.766,47510,0
2014,06,23,16,31,53.248,47611,0
2014,06,23,16,31,53.248,275,1
2014,06,23,16,31,53.248,47811,1
2014,06,23,16,31,53.248,47911,0
2014,06,23,16,31,53.248,274,1
2014,06,23,16,31,53.735,48111,1
2014,06,23,16,31,53.735,48211,0
2014,06,23,16,31,53.735,274,1
2014,06,23,16,31,53.735,48411,0
2014,06,23,16,31,53.735,48511,0
2014,06,23,16,31,54.230,48612,0
2014,06,23,16,31,54.230,48710,0
2014,06,23,16,31,54.230,275,1
2014,06,23,16,31,54.230,48910,0
2014,06,23,16,31,54.230,49010,0
2014,06,23,16,31,54.713,275,1
2014,06,23,16,31,54.713,49211,1
2014,06,23,16,31,54.713,49311,1
2014,06,23,16,31,54.713,49411,0
2014,06,23,16,31,54.713,49511,0
2014,06,23,16,31,55.210,49612,0
2014,06,23,16,31,55.210,49710,0
2014,06,23,16,31,55.210,274,1
2014,06,23,16,31,55.210,49910,0
2014,06,23,16,31,55.210,271,1
2014,06,23,16,31,55.691,275,1
2014,06,23,16,31,55.691,50211,1
2014,06,23,16,31,55.691,50311,1
2014,06,23,16,31,55.691,50411,0
2014,06,23,16,31,55.691,274,1
2014,06,23,16,31,56.182,50612,1
2014,06,23,16,31,56.182,50710,0
2014,06,23,16,31,56.182,275,1
2014,06,23,16,31,56.182,50911,0
2014,06,23,16,31,56.182,275,1
2014,06,23,16,31,56.670,51112,0
2014,06,23,16,31,56.670,276,1
2014,06,23,16,31,56.670,51310,1
2014,06,23,16,31,56.670,51410,1
2014,06,23,16,31,56.670,51510,1
2014,06,23,16,31,57.164,51611,0
2014,06,23,16,31,57.164,276,1
2014,06,23,16,31,57.164,51811,0
2014,06,23,16,31,57.164,51911,0
2014,06,23,16,31,57.164,274,1
2014,06,23,16,31,57.642,52112,1
2014,06,23,16,31,57.642,52210,0
2014,06,23,16,31,57.642,52310,0
2014,06,23,16,31,57.642,52410,0
2014,06,23,16,31,57.642,52510,0
2014,06,23,16,31,58.132,52611,0
2014,06,23,16,31,58.132,52711,0
2014,06,23,16,31,58.132,52811,0
2014,06,23,16,31,58.132,275,1
2014,06,23,16,31,58.132,53011,1
2014,06,23,16,31,58.621,53112,0
2014,06,23,16,31,58.621,274,1
2014,06,23,16,31,58.621,53310,1
2014,06,23,16,31,58.621,53410,0
2014,06,23,16,31,58.621,276,1
2014,06,23,16,31,59.115,53611,0
2014,06,23,16,31,59.115,53710,0
2014,06,23,16,31,59.115,275,1
2014,06,23,16,31,59.115,53910,0
2014,06,23,16,31,59.115,274,1
2014,06,23,16,31,59.596,54111,0
2014,06,23,16,31,59.596,54211,0
2014,06,23,16,31,59.596,54311,0
2014,06,23,16,31,59.596,275,1
2014,06,23,16,31,59.596,54511,1
2014,06,23,16,32,00.087,54612,0
2014,06,23,16,32,00.087,54710,0
2014,06,23,16,32,00.087,274,1
2014,06,23,16,32,00.087,54910,0
2014,06,23,16,32,00.087,275,1
2014,06,23,16,32,00.573,55111,1
2014,06,23,16,32,00.573,55211,1
2014,06,23,16,32,00.573,55311,0
2014,06,23,16,32,00.573,55411,0
2014,06,23,16,32,00.573,55511,0
2014,06,23,16,32,01.061,55612,0
2014,06,23,16,32,01.061,275,1
2014,06,23,16,32,01.061,55810,1
2014,06,23,16,32,01.061,55910,1
2014,06,23,16,32,01.061,56010,1
2014,06,23,16,32,01.549,56111,0
2014,06,23,16,32,01.549,275,1
2014,06,23,16,32,01.549,56311,1
2014,06,23,16,32,01.549,56411,0
2014,06,23,16,32,01.549,275,1
2014,06,23,16,32,02.044,56611,0
2014,06,23,16,32,02.044,275,1
2014,06,23,16,32,02.044,56811,0
2014,06,23,16,32,02.044,56911,0
2014,06,23,16,32,02.044,275,1
2014,06,23,16,32,02.528,57112,1
2014,06,23,16,32,02.528,57210,0
2014,06,23,16,32,02.528,57310,0
2014,06,23,16,32,02.528,57410,0
2014,06,23,16,32,02.528,57510,0
2014,06,23,16,32,03.014,57611,0
2014,06,23,16,32,03.014,276,1
2014,06,23,16,32,03.014,57811,0
2014,06,23,16,32,03.014,276,1
2014,06,23,16,32,03.014,58011,1
2014,06,23,16,32,03.503,58112,0
2014,06,23,16,32,03.503,58210,0
2014,06,23,16,32,03.503,277,1
2014,06,23,16,32,03.503,58410,0
2014,06,23,16,32,03.503,277,1
2014,06,23,16,32,03.999,58611,0
2014,06,23,16,32,03.999,275,1
2014,06,23,16,32,03.999,58811,0
2014,06,23,16,32,03.999,275,1
2014,06,23,16,32,03.999,59011,0
2014,06,23,16,32,04.481,275,1
2014,06,23,16,32,04.481,59210,1
2014,06,23,16,32,04.481,59311,0
2014,06,23,16,32,04.481,275,1
2014,06,23,16,32,04.481,59511,0
2014,06,23,16,32,04.971,274,1
2014,06,23,16,32,04.971,59710,1
2014,06,23,16,32,04.971,59810,0
2014,06,23,16,32,04.971,59910,0
2014,06,23,16,32,04.971,60010,0
2014,06,23,16,32,05.464,275,1
2014,06,23,16,32,05.464,60211,0
2014,06,23,16,32,05.464,275,1
2014,06,23,16,32,05.464,60411,1
2014,06,23,16,32,05.464,60511,0
2014,06,23,16,32,05.951,60612,0
2014,06,23,16,32,05.951,271,1
2014,06,23,16,32,05.951,60810,0
2014,06,23,16,32,05.951,60910,0
2014,06,23,16,32,05.951,61010,0
2014,06,23,16,32,06.436,277,1
2014,06,23,16,32,06.436,61211,0
2014,06,23,16,32,06.436,61311,0
2014,06,23,16,32,06.436,275,1
2014,06,23,16,32,06.436,61511,1
2014,06,23,16,32,06.927,61612,0
2014,06,23,16,32,06.927,61710,0
2014,06,23,16,32,06.927,277,1
2014,06,23,16,32,06.927,61910,0
2014,06,23,16,32,06.927,62010,0
2014,06,23,16,32,07.410,62111,0
2014,06,23,16,32,07.410,277,1
2014,06,23,16,32,07.410,62311,1
2014,06,23,16,32,07.410,62411,0
2014,06,23,16,32,07.410,276,1
2014,06,23,16,32,07.895,62612,1
2014,06,23,16,32,07.895,62710,1
2014,06,23,16,32,07.895,62810,1
2014,06,23,16,32,07.895,62910,0
2014,06,23,16,32,07.895,275,1
2014,06,23,16,32,08.385,63111,0
2014,06,23,16,32,08.385,278,1
2014,06,23,16,32,08.385,63311,0
2014,06,23,16,32,08.385,63411,0
2014,06,23,16,32,08.385,274,1
2014,06,23,16,32,08.881,63612,1
2014,06,23,16,32,08.881,63710,1
2014,06,23,16,32,08.881,63810,0
2014,06,23,16,32,08.881,63910,0
2014,06,23,16,32,08.881,277,1
2014,06,23,16,32,09.361,64111,1
2014,06,23,16,32,09.361,64211,0
2014,06,23,16,32,09.361,276,1
2014,06,23,16,32,09.361,64411,0
2014,06,23,16,32,09.361,276,1
2014,06,23,16,32,09.853,64612,0
2014,06,23,16,32,09.853,276,1
2014,06,23,16,32,09.853,64810,1
2014,06,23,16,32,09.853,64910,0
2014,06,23,16,32,09.853,65011,0
2014,06,23,16,32,10.343,276,1
2014,06,23,16,32,10.343,65210,0
2014,06,23,16,32,10.343,277,1
2014,06,23,16,32,10.343,65410,1
2014,06,23,16,32,10.343,65510,0
2014,06,23,16,32,10.831,275,1
2014,06,23,16,32,10.831,175,0
2014,06,23,16,32,10.831,275,0
2014,06,23,16,32,10.831,375,0
2014,06,23,16,32,10.831,276,1
2014,06,23,16,32,11.320,576,0
2014,06,23,16,32,11.320,674,0
2014,06,23,16,32,11.320,276,1
2014,06,23,16,32,11.320,874,0
2014,06,23,16,32,11.320,974,0
2014,06,23,16,32,11.802,277,1
2014,06,23,16,32,11.802,1175,0
2014,06,23,16,32,11.802,275,1
2014,06,23,16,32,11.802,1375,0
2014,06,23,16,32,11.802,1475,0
2014,06,23,16,32,12.297,276,1
2014,06,23,16,32,12.297,1674,1
2014,06,23,16,32,12.297,1774,1
2014,06,23,16,32,12.297,1874,0
2014,06,23,16,32,12.297,1974,0
2014,06,23,16,32,12.786,277,1
2014,06,23,16,32,12.786,2175,1
2014,06,23,16,32,12.786,2274,0
2014,06,23,16,32,12.786,277,1
2014,06,23,16,32,12.786,2474,0
2014,06,23,16,32,13.274,278,1
2014,06,23,16,32,13.274,2675,0
2014,06,23,16,32,13.274,276,1
2014,06,23,16,32,13.274,2875,0
2014,06,23,16,32,13.274,2975,0
2014,06,23,16,32,13.765,275,1
2014,06,23,16,32,13.765,3174,1
2014,06,23,16,32,13.765,3274,0
2014,06,23,16,32,13.765,3374,1
2014,06,23,16,32,13.765,3474,1
2014,06,23,16,32,14.246,3575,0
2014,06,23,16,32,14.246,3675,0
2014,06,23,16,32,14.246,3775,0
2014,06,23,16,32,14.246,3875,0
2014,06,23,16,32,14.246,276,1
2014,06,23,16,32,14.737,4076,1
2014,06,23,16,32,14.737,4174,0
2014,06,23,16,32,14.737,276,1
2014,06,23,16,32,14.737,4374,1
2014,06,23,16,32,14.737,4474,1
2014,06,23,16,32,15.222,4575,0
2014,06,23,16,32,15.222,4675,0
2014,06,23,16,32,15.222,276,1
2014,06,23,16,32,15.222,4875,1
2014,06,23,16,32,15.222,4975,0
2014,06,23,16,32,15.713,274,1
2014,06,23,16,32,15.713,5175,0
2014,06,23,16,32,15.713,5275,0
2014,06,23,16,32,15.713,5375,0
2014,06,23,16,32,15.713,277,1
2014,06,23,16,32,16.200,5576,0
2014,06,23,16,32,16.200,5674,0
2014,06,23,16,32,16.200,277,1
2014,06,23,16,32,16.200,5874,0
2014,06,23,16,32,16.200,277,1
2014,06,23,16,32,16.691,6075,1
2014,06,23,16,32,16.691,6175,0
2014,06,23,16,32,16.691,6275,0
2014,06,23,16,32,16.691,6375,0
2014,06,23,16,32,16.691,6475,0
2014,06,23,16,32,17.172,6576,0
2014,06,23,16,32,17.172,6674,0
2014,06,23,16,32,17.172,276,1
2014,06,23,16,32,17.172,6874,0
2014,06,23,16,32,17.172,6974,0
2014,06,23,16,32,17.666,276,1
2014,06,23,16,32,17.666,7175,0
2014,06,23,16,32,17.666,276,1
2014,06,23,16,32,17.666,7375,0
2014,06,23,16,32,17.666,7475,0
2014,06,23,16,32,18.152,7576,0
2014,06,23,16,32,18.152,276,1
2014,06,23,16,32,18.152,7774,0
2014,06,23,16,32,18.152,278,1
2014,06,23,16,32,18.152,7975,1
2014,06,23,16,32,18.641,8076,0
2014,06,23,16,32,18.641,8174,0
2014,06,23,16,32,18.641,277,1
2014,06,23,16,32,18.641,8374,0
2014,06,23,16,32,18.641,8474,0
2014,06,23,16,32,19.127,8575,0
2014,06,23,16,32,19.127,8675,0
2014,06,23,16,32,19.127,276,1
2014,06,23,16,32,19.127,8875,1
2014,06,23,16,32,19.127,8975,1
2014,06,23,16,32,19.621,9076,0
2014,06,23,16,32,19.621,9174,0
2014,06,23,16,32,19.621,9274,0
2014,06,23,16,32,19.621,277,1
2014,06,23,16,32,19.621,9474,0
2014,06,23,16,32,20.107,9575,0
2014,06,23,16,32,20.107,277,1
2014,06,23,16,32,20.107,9775,0
2014,06,23,16,32,20.107,277,1
2014,06,23,16,32,20.107,9975,1
2014,06,23,16,32,20.596,10076,1
2014,06,23,16,32,20.596,10174,0
2014,06,23,16,32,20.596,276,1
2014,06,23,16,32,20.596,10374,1
2014,06,23,16,32,20.596,10474,1
2014,06,23,16,32,21.087,10575,0
2014,06,23,16,32,21.087,10675,0
2014,06,23,16,32,21.087,276,1
2014,06,23,16,32,21.087,10874,1
2014,06,23,16,32,21.087,10974,1
2014,06,23,16,32,21.577,11075,0
2014,06,23,16,32,21.577,277,1
2014,06,23,16,32,21.577,11275,0
2014,06,23,16,32,21.577,278,1
2014,06,23,16,32,21.577,11475,0
2014,06,23,16,32,22.056,275,1
2014,06,23,16,32,22.056,11674,0
2014,06,23,16,32,22.056,11774,0
2014,06,23,16,32,22.056,277,1
2014,06,23,16,32,22.056,11974,1
2014,06,23,16,32,22.554,12075,1
2014,06,23,16,32,22.554,12175,0
2014,06,23,16,32,22.554,12275,0
2014,06,23,16,32,22.554,12375,0
2014,06,23,16,32,22.554,12475,0
2014,06,23,16,32,23.040,12576,0
2014,06,23,16,32,23.040,275,1
2014,06,23,16,32,23.040,12774,0
2014,06,23,16,32,23.040,277,1
2014,06,23,16,32,23.040,12974,1
2014,06,23,16,32,23.525,13075,0
2014,06,23,16,32,23.525,275,1
2014,06,23,16,32,23.525,13275,0
2014,06,23,16,32,23.525,13375,0
2014,06,23,16,32,23.525,276,1
2014,06,23,16,32,24.008,13575,0
2014,06,23,16,32,24.008,276,1
2014,06,23,16,32,24.008,13775,0
2014,06,23,16,32,24.008,13875,0
2014,06,23,16,32,24.008,277,1
2014,06,23,16,32,24.500,14076,0
2014,06,23,16,32,24.500,277,1
2014,06,23,16,32,24.500,14274,0
2014,06,23,16,32,24.500,14374,0
2014,06,23,16,32,24.500,276,1
2014,06,23,16,32,24.986,14575,0
2014,06,23,16,32,24.986,276,1
2014,06,23,16,32,24.986,14775,1
2014,06,23,16,32,24.986,14875,0
2014,06,23,16,32,24.986,14975,0
2014,06,23,16,32,25.478,15076,0
2014,06,23,16,32,25.478,15174,0
2014,06,23,16,32,25.478,15274,0
2014,06,23,16,32,25.478,15374,0
2014,06,23,16,32,25.478,15474,0
2014,06,23,16,32,25.964,276,1
2014,06,23,16,32,25.964,15675,0
2014,06,23,16,32,25.964,275,1
2014,06,23,16,32,25.964,15875,1
2014,06,23,16,32,25.964,15975,0
2014,06,23,16,32,26.457,275,1
2014,06,23,16,32,26.457,16174,1
2014,06,23,16,32,26.457,16274,1
2014,06,23,16,32,26.457,16375,1
2014,06,23,16,32,26.457,16475,0
2014,06,23,16,32,26.946,16576,0
2014,06,23,16,32,26.946,16674,0
2014,06,23,16,32,26.946,16774,0
2014,06,23,16,32,26.946,16874,0
2014,06,23,16,32,26.946,16974,0
2014,06,23,16,32,27.429,276,1
2014,06,23,16,32,27.429,17175,0
2014,06,23,16,32,27.429,17275,0
2014,06,23,16,32,27.429,17375,0
2014,06,23,16,32,27.429,273,1
2014,06,23,16,32,27.923,17576,0
2014,06,23,16,32,27.923,17674,0
2014,06,23,16,32,27.923,17774,0
2014,06,23,16,32,27.923,17874,0
2014,06,23,16,32,27.923,276,1
2014,06,23,16,32,28.410,18075,0
2014,06,23,16,32,28.410,275,1
2014,06,23,16,32,28.410,18275,0
2014,06,23,16,32,28.410,18375,0
2014,06,23,16,32,28.410,18475,0
2014,06,23,16,32,28.894,274,1
2014,06,23,16,32,28.894,18674,1
2014,06,23,16,32,28.894,18774,1
2014,06,23,16,32,28.894,18874,0
2014,06,23,16,32,28.894,18974,0
2014,06,23,16,32,29.386,276,1
2014,06,23,16,32,29.386,19174,0
2014,06,23,16,32,29.386,19274,0
2014,06,23,16,32,29.386,276,1
2014,06,23,16,32,29.386,19474,1
2014,06,23,16,32,29.874,19575,0
2014,06,23,16,32,29.874,19675,0
2014,06,23,16,32,29.874,276,1
2014,06,23,16,32,29.874,19875,0
2014,06,23,16,32,29.874,276,1
2014,06,23,16,32,30.362,20076,1
2014,06,23,16,32,30.362,20174,1
2014,06,23,16,32,30.362,20274,1
2014,06,23,16,32,30.362,20374,0
2014,06,23,16,32,30.362,20474,0
2014,06,23,16,32,30.848,20575,0
2014,06,23,16,32,30.848,275,1
2014,06,23,16,32,30.848,20775,0
2014,06,23,16,32,30.848,274,1
2014,06,23,16,32,30.848,20975,0
2014,06,23,16,32,31.334,276,1
2014,06,23,16,32,31.334,21174,0
2014,06,23,16,32,31.334,21274,0
2014,06,23,16,32,31.334,21374,0
2014,06,23,16,32,31.334,276,1
2014,06,23,16,32,31.825,21575,1
2014,06,23,16,32,31.825,21675,0
2014,06,23,16,32,31.825,21775,0
2014,06,23,16,32,31.825,21875,0
2014,06,23,16,32,31.825,275,1
2014,06,23,16,32,32.311,22075,0
2014,06,23,16,32,32.311,22175,0
2014,06,23,16,32,32.311,276,1
2014,06,23,16,32,32.311,22375,1
2014,06,23,16,32,32.311,22475,0
2014,06,23,16,32,32.799,274,1
2014,06,23,16,32,32.799,22674,1
2014,06,23,16,32,32.799,22774,1
2014,06,23,16,32,32.799,22874,0
2014,06,23,16,32,32.799,22974,0
2014,06,23,16,32,33.298,275,1
2014,06,23,16,32,33.298,23175,1
2014,06,23,16,32,33.298,23275,1
2014,06,23,16,32,33.298,23375,0
2014,06,23,16,32,33.298,275,1
2014,06,23,16,32,33.774,23576,0
2014,06,23,16,32,33.774,23674,0
2014,06,23,16,32,33.774,23774,0
2014,06,23,16,32,33.774,23874,0
2014,06,23,16,32,33.774,274,1
2014,06,23,16,32,34.274,24075,0
2014,06,23,16,32,34.274,24175,0
2014,06,23,16,32,34.274,275,1
2014,06,23,16,32,34.274,24375,0
2014,06,23,16,32,34.274,24475,0
2014,06,23,16,32,34.756,277,1
2014,06,23,16,32,34.756,24674,1
2014,06,23,16,32,34.756,24774,0
2014,06,23,16,32,34.756,275,1
2014,06,23,16,32,34.756,24975,0
2014,06,23,16,32,35.242,273,1
2014,06,23,16,32,35.242,25174,0
2014,06,23,16,32,35.242,276,1
2014,06,23,16,32,35.242,25374,0
2014,06,23,16,32,35.242,276,1
2014,06,23,16,32,35.731,25575,0
2014,06,23,16,32,35.731,25675,0
2014,06,23,16,32,35.731,276,1
2014,06,23,16,32,35.731,25875,0
2014,06,23,16,32,35.731,25975,0
2014,06,23,16,32,36.218,275,1
2014,06,23,16,32,36.218,26174,1
2014,06,23,16,32,36.218,26274,0
2014,06,23,16,32,36.218,276,1
2014,06,23,16,32,36.218,26474,1
2014,06,23,16,32,36.710,26575,1
2014,06,23,16,32,36.710,26675,1
2014,06,23,16,32,36.710,26775,0
2014,06,23,16,32,36.710,276,1
2014,06,23,16,32,36.710,26975,0
2014,06,23,16,32,37.192,27076,0
2014,06,23,16,32,37.192,275,1
2014,06,23,16,32,37.192,27274,1
2014,06,23,16,32,37.192,27374,0
2014,06,23,16,32,37.192,27474,0
2014,06,23,16,32,37.681,276,1
2014,06,23,16,32,37.681,27674,0
2014,06,23,16,32,37.681,275,1
2014,06,23,16,32,37.681,27874,1
2014,06,23,16,32,37.681,27974,1
2014,06,23,16,32,38.174,28075,0
2014,06,23,16,32,38.174,28175,0
2014,06,23,16,32,38.174,277,1
2014,06,23,16,32,38.174,28375,0
2014,06,23,16,32,38.174,276,1
2014,06,23,16,32,38.662,28576,1
2014,06,23,16,32,38.662,28674,1
2014,06,23,16,32,38.662,28774,1
2014,06,23,16,32,38.662,28874,0
2014,06,23,16,32,38.662,28974,0
2014,06,23,16,32,39.147,29075,0
2014,06,23,16,32,39.147,29175,0
2014,06,23,16,32,39.147,275,1
2014,06,23,16,32,39.147,29375,1
2014,06,23,16,32,39.147,29475,1
2014,06,23,16,32,39.634,29576,1
2014,06,23,16,32,39.634,29674,1
2014,06,23,16,32,39.634,29774,1
2014,06,23,16,32,39.634,29874,1
2014,06,23,16,32,39.634,29974,1
2014,06,23,16,32,40.125,30075,1
2014,06,23,16,32,40.125,30175,0
2014,06,23,16,32,40.125,276,1
2014,06,23,16,32,40.125,30375,0
2014,06,23,16,32,40.125,30474,0
2014,06,23,16,32,40.613,30575,0
2014,06,23,16,32,40.613,30675,0
2014,06,23,16,32,40.613,276,1
2014,06,23,16,32,40.613,30875,0
2014,06,23,16,32,40.613,30975,0
2014,06,23,16,32,41.108,31076,0
2014,06,23,16,32,41.108,276,1
2014,06,23,16,32,41.108,31274,0
2014,06,23,16,32,41.108,31374,0
2014,06,23,16,32,41.108,31474,0
2014,06,23,16,32,41.588,276,1
2014,06,23,16,32,41.588,31675,0
2014,06,23,16,32,41.588,31775,0
2014,06,23,16,32,41.588,276,1
2014,06,23,16,32,41.588,31975,0
2014,06,23,16,32,42.080,275,1
2014,06,23,16,32,42.080,32174,1
2014,06,23,16,32,42.080,32274,0
2014,06,23,16,32,42.080,276,1
2014,06,23,16,32,42.080,32474,0
2014,06,23,16,32,42.574,275,1
2014,06,23,16,32,42.574,32675,1
2014,06,23,16,32,42.574,32775,1
2014,06,23,16,32,42.574,32875,0
2014,06,23,16,32,42.574,32975,0
2014,06,23,16,32,43.059,275,1
2014,06,23,16,32,43.059,33174,0
2014,06,23,16,32,43.059,33275,0
2014,06,23,16,32,43.059,275,1
2014,06,23,16,32,43.059,33475,1
2014,06,23,16,32,43.540,33576,0
2014,06,23,16,32,43.540,274,1
2014,06,23,16,32,43.540,33774,0
2014,06,23,16,32,43.540,275,1
2014,06,23,16,32,43.540,33974,0
2014,06,23,16,32,44.027,34075,0
2014,06,23,16,32,44.027,34175,0
2014,06,23,16,32,44.027,276,1
2014,06,23,16,32,44.027,34375,0
2014,06,23,16,32,44.027,275,1
2014,06,23,16,32,44.518,34576,0
2014,06,23,16,32,44.518,34674,0
2014,06,23,16,32,44.518,34774,0
2014,06,23,16,32,44.518,34874,0
2014,06,23,16,32,44.518,34974,0
2014,06,23,16,32,45.006,35075,0
2014,06,23,16,32,45.006,35175,0
2014,06,23,16,32,45.006,35275,0
2014,06,23,16,32,45.006,35375,0
2014,06,23,16,32,45.006,275,1
2014,06,23,16,32,45.494,35576,0
2014,06,23,16,32,45.494,275,1
2014,06,23,16,32,45.494,35774,0
2014,06,23,16,32,45.494,275,1
2014,06,23,16,32,45.494,35974,0
2014,06,23,16,32,45.985,36075,0
2014,06,23,16,32,45.985,36174,0
2014,06,23,16,32,45.985,277,1
2014,06,23,16,32,45.985,36374,0
2014,06,23,16,32,45.985,36474,0
2014,06,23,16,32,46.478,276,1
2014,06,23,16,32,46.478,36675,1
2014,06,23,16,32,46.478,36775,0
2014,06,23,16,32,46.478,272,1
2014,06,23,16,32,46.478,276,1
2014,06,23,16,32,46.958,37076,1
2014,06,23,16,32,46.958,37174,0
2014,06,23,16,32,46.958,276,1
2014,06,23,16,32,46.958,37374,1
2014,06,23,16,32,46.958,37474,1
2014,06,23,16,32,47.449,37575,1
2014,06,23,16,32,47.449,37675,1
2014,06,23,16,32,47.449,37775,0
2014,06,23,16,32,47.449,37875,0
2014,06,23,16,32,47.449,276,1
2014,06,23,16,32,47.942,38076,1
2014,06,23,16,32,47.942,38174,0
2014,06,23,16,32,47.942,38274,0
2014,06,23,16,32,47.942,275,1
2014,06,23,16,32,47.942,38474,0
2014,06,23,16,32,48.430,38575,0
2014,06,23,16,32,48.430,38675,0
2014,06,23,16,32,48.430,38775,0
2014,06,23,16,32,48.430,275,1
2014,06,23,16,32,48.430,38974,0
2014,06,23,16,32,48.918,39075,0
2014,06,23,16,32,48.918,39175,0
2014,06,23,16,32,48.918,275,1
2014,06,23,16,32,48.918,39375,1
2014,06,23,16,32,48.918,39475,1
2014,06,23,16,32,49.401,39576,0
2014,06,23,16,32,49.401,39674,0
2014,06,23,16,32,49.401,39774,0
2014,06,23,16,32,49.401,274,1
2014,06,23,16,32,49.401,39974,0
2014,06,23,16,32,49.896,276,1
2014,06,23,16,32,49.896,40175,0
2014,06,23,16,32,49.896,40275,0
2014,06,23,16,32,49.896,277,1
2014,06,23,16,32,49.896,40475,0
2014,06,23,16,32,50.378,275,1
2014,06,23,16,32,50.378,40674,0
2014,06,23,16,32,50.378,40774,0
2014,06,23,16,32,50.378,275,1
2014,06,23,16,32,50.378,40974,1
2014,06,23,16,32,50.873,41075,0
2014,06,23,16,32,50.873,276,1
2014,06,23,16,32,50.873,41275,0
2014,06,23,16,32,50.873,41375,0
2014,06,23,16,32,50.873,41475,0
2014,06,23,16,32,51.359,276,1
2014,06,23,16,32,51.359,41674,1
2014,06,23,16,32,51.359,41775,1
2014,06,23,16,32,51.359,41875,1
2014,06,23,16,32,51.359,41975,1
2014,06,23,16,32,51.846,42076,1
2014,06,23,16,32,51.846,42174,0
2014,06,23,16,32,51.846,276,1
2014,06,23,16,32,51.846,42374,1
2014,06,23,16,32,51.846,42474,0
2014,06,23,16,32,52.330,42575,0
2014,06,23,16,32,52.330,274,1
2014,06,23,16,32,52.330,42775,1
2014,06,23,16,32,52.330,42875,0
2014,06,23,16,32,52.330,42975,0
2014,06,23,16,32,52.818,43076,0
2014,06,23,16,32,52.818,277,1
2014,06,23,16,32,52.818,43274,1
2014,06,23,16,32,52.818,43374,1
2014,06,23,16,32,52.818,43474,0
2014,06,23,16,32,53.316,276,1
2014,06,23,16,32,53.316,43675,1
2014,06,23,16,32,53.316,43775,0
2014,06,23,16,32,53.316,275,1
2014,06,23,16,32,53.316,43975,1
2014,06,23,16,32,53.806,44076,0
2014,06,23,16,32,53.806,44174,0
2014,06,23,16,32,53.806,275,1
2014,06,23,16,32,53.806,44374,1
2014,06,23,16,32,53.806,44474,0
2014,06,23,16,32,54.290,275,1
2014,06,23,16,32,54.290,44674,1
2014,06,23,16,32,54.290,44774,0
2014,06,23,16,32,54.290,275,1
2014,06,23,16,32,54.290,44974,1
2014,06,23,16,32,54.775,45075,0
2014,06,23,16,32,54.775,45175,0
2014,06,23,16,32,54.775,276,1
2014,06,23,16,32,54.775,45375,1
2014,06,23,16,32,54.775,45475,0
2014,06,23,16,32,55.258,274,1
2014,06,23,16,32,55.258,45674,0
2014,06,23,16,32,55.258,274,1
2014,06,23,16,32,55.258,45874,1
2014,06,23,16,32,55.258,45974,0
2014,06,23,16,32,55.757,46075,0
2014,06,23,16,32,55.757,46175,0
2014,06,23,16,32,55.757,46275,0
2014,06,23,16,32,55.757,46375,0
2014,06,23,16,32,55.757,276,1
2014,06,23,16,32,56.239,46576,1
2014,06,23,16,32,56.239,46674,1
2014,06,23,16,32,56.239,46774,1
2014,06,23,16,32,56.239,46874,1
2014,06,23,16,32,56.239,46974,0
2014,06,23,16,32,56.724,47075,0
2014,06,23,16,32,56.724,47175,0
2014,06,23,16,32,56.724,47275,0
2014,06,23,16,32,56.724,275,1
2014,06,23,16,32,56.724,47474,1
2014,06,23,16,32,57.217,47575,1
2014,06,23,16,32,57.217,47675,0
2014,06,23,16,32,57.217,275,1
2014,06,23,16,32,57.217,47875,0
2014,06,23,16,32,57.217,275,1
2014,06,23,16,32,57.701,48076,1
2014,06,23,16,32,57.701,48174,0
2014,06,23,16,32,57.701,48274,0
2014,06,23,16,32,57.701,48374,0
2014,06,23,16,32,57.701,48474,0
2014,06,23,16,32,58.195,48575,0
2014,06,23,16,32,58.195,276,1
2014,06,23,16,32,58.195,48775,0
2014,06,23,16,32,58.195,275,1
2014,06,23,16,32,58.195,48975,1
2014,06,23,16,32,58.675,49076,0
2014,06,23,16,32,58.675,49174,0
2014,06,23,16,32,58.675,49274,0
2014,06,23,16,32,58.675,49374,0
2014,06,23,16,32,58.675,49474,0
2014,06,23,16,32,59.167,49575,0
2014,06,23,16,32,59.167,277,1
2014,06,23,16,32,59.167,49775,1
2014,06,23,16,32,59.167,49875,0
2014,06,23,16,32,59.167,276,1
2014,06,23,16,32,59.660,50076,1
2014,06,23,16,32,59.660,50174,1
2014,06,23,16,32,59.660,50275,1
2014,06,23,16,32,59.660,50375,0
2014,06,23,16,32,59.660,50475,0
2014,06,23,16,33,00.144,274,1
2014,06,23,16,33,00.144,50674,0
2014,06,23,16,33,00.144,50774,0
2014,06,23,16,33,00.144,276,1
2014,06,23,16,33,00.144,50974,1
2014,06,23,16,33,00.632,51075,1
2014,06,23,16,33,00.632,51175,0
2014,06,23,16,33,00.632,51275,0
2014,06,23,16,33,00.632,51375,0
2014,06,23,16,33,00.632,277,1
2014,06,23,16,33,01.117,51576,0
2014,06,23,16,33,01.117,51674,0
2014,06,23,16,33,01.117,275,1
2014,06,23,16,33,01.117,51874,1
2014,06,23,16,33,01.117,51974,0
2014,06,23,16,33,01.613,275,1
2014,06,23,16,33,01.613,52175,0
2014,06,23,16,33,01.613,52275,0
2014,06,23,16,33,01.613,52375,0
2014,06,23,16,33,01.613,274,1
2014,06,23,16,33,02.097,52576,1
2014,06,23,16,33,02.097,52674,0
2014,06,23,16,33,02.097,52774,0
2014,06,23,16,33,02.097,52874,0
2014,06,23,16,33,02.097,52974,0
2014,06,23,16,33,02.591,53076,0
2014,06,23,16,33,02.591,276,1
2014,06,23,16,33,02.591,53274,1
2014,06,23,16,33,02.591,53374,0
2014,06,23,16,33,02.591,275,1
2014,06,23,16,33,03.077,53575,0
2014,06,23,16,33,03.077,276,1
2014,06,23,16,33,03.077,53775,1
2014,06,23,16,33,03.077,53875,1
2014,06,23,16,33,03.077,53975,1
2014,06,23,16,33,03.563,54076,1
2014,06,23,16,33,03.563,54174,1
2014,06,23,16,33,03.563,54274,1
2014,06,23,16,33,03.563,54374,1
2014,06,23,16,33,03.563,54474,0
2014,06,23,16,33,04.053,277,1
2014,06,23,16,33,04.053,54675,0
2014,06,23,16,33,04.053,276,1
2014,06,23,16,33,04.053,54875,0
2014,06,23,16,33,04.053,275,1
2014,06,23,16,33,04.540,55076,0
2014,06,23,16,33,04.540,55174,0
2014,06,23,16,33,04.540,276,1
2014,06,23,16,33,04.540,55374,0
2014,06,23,16,33,04.540,276,1
2014,06,23,16,33,05.028,55575,1
2014,06,23,16,33,05.028,55675,1
2014,06,23,16,33,05.028,55775,0
2014,06,23,16,33,05.028,55874,0
2014,06,23,16,33,05.028,274,1
2014,06,23,16,33,05.517,56075,0
2014,06,23,16,33,05.517,277,1
2014,06,23,16,33,05.517,56275,1
2014,06,23,16,33,05.517,56375,0
2014,06,23,16,33,05.517,56475,0
2014,06,23,16,33,06.005,56576,0
2014,06,23,16,33,06.005,56674,0
2014,06,23,16,33,06.005,276,1
2014,06,23,16,33,06.005,56874,1
2014,06,23,16,33,06.005,56974,0
2014,06,23,16,33,06.493,276,1
2014,06,23,16,33,06.493,57175,0
2014,06,23,16,33,06.493,57275,0
2014,06,23,16,33,06.493,275,1
2014,06,23,16,33,06.493,57475,0
2014,06,23,16,33,06.975,57576,0
2014,06,23,16,33,06.975,57674,0
2014,06,23,16,33,06.975,274,1
2014,06,23,16,33,06.975,57874,1
2014,06,23,16,33,06.975,57974,0
2014,06,23,16,33,07.467,276,1
2014,06,23,16,33,07.467,58175,1
2014,06,23,16,33,07.467,58275,0
2014,06,23,16,33,07.467,58375,0
2014,06,23,16,33,07.467,274,1
2014,06,23,16,33,07.960,58576,1
2014,06,23,16,33,07.960,58675,0
2014,06,23,16,33,07.960,277,1
2014,06,23,16,33,07.960,58875,0
2014,06,23,16,33,07.960,58975,0
2014,06,23,16,33,08.442,59076,0
2014,06,23,16,33,08.442,276,1
2014,06,23,16,33,08.442,59274,1
2014,06,23,16,33,08.442,59374,0
2014,06,23,16,33,08.442,276,1
2014,06,23,16,33,08.934,59575,0
2014,06,23,16,33,08.934,276,1
2014,06,23,16,33,08.934,59775,0
2014,06,23,16,33,08.934,275,1
2014,06,23,16,33,08.934,59975,0
2014,06,23,16,33,09.419,274,1
2014,06,23,16,33,09.419,60174,0
2014,06,23,16,33,09.419,60274,0
2014,06,23,16,33,09.419,60374,0
2014,06,23,16,33,09.419,60474,0
2014,06,23,16,33,09.907,276,1
2014,06,23,16,33,09.907,60675,0
2014,06,23,16,33,09.907,273,1
2014,06,23,16,33,09.907,60875,1
2014,06,23,16,33,09.907,60975,0
2014,06,23,16,33,10.396,274,1
2014,06,23,16,33,10.396,61174,1
2014,06,23,16,33,10.396,61274,0
2014,06,23,16,33,10.396,61374,0
2014,06,23,16,33,10.396,61474,0
2014,06,23,16,33,10.883,61576,0
2014,06,23,16,33,10.883,61674,0
2014,06,23,16,33,10.883,61774,0
2014,06,23,16,33,10.883,61874,0
2014,06,23,16,33,10.883,276,1
2014,06,23,16,33,11.378,62075,0
2014,06,23,16,33,11.378,276,1
2014,06,23,16,33,11.378,62275,1
2014,06,23,16,33,11.378,62375,1
2014,06,23,16,33,11.378,62475,0
2014,06,23,16,33,11.860,274,1
2014,06,23,16,33,11.860,62674,1
2014,06,23,16,33,11.860,62774,0
2014,06,23,16,33,11.860,62874,0
2014,06,23,16,33,11.860,62974,0
2014,06,23,16,33,12.353,63075,0
2014,06,23,16,33,12.353,275,1
2014,06,23,16,33,12.353,63275,1
2014,06,23,16,33,12.353,63375,0
2014,06,23,16,33,12.353,63475,0
2014,06,23,16,33,12.842,63576,0
2014,06,23,16,33,12.842,275,1
2014,06,23,16,33,12.842,63774,1
2014,06,23,16,33,12.842,63874,1
2014,06,23,16,33,12.842,63974,0
2014,06,23,16,33,13.326,275,1
2014,06,23,16,33,13.326,64175,1
2014,06,23,16,33,13.326,64275,0
2014,06,23,16,33,13.326,64374,0
2014,06,23,16,33,13.326,275,1
2014,06,23,16,33,13.816,64575,1
2014,06,23,16,33,13.816,64675,0
2014,06,23,16,33,13.816,275,1
2014,06,23,16,33,13.816,64875,1
2014,06,23,16,33,13.816,64975,1
2014,06,23,16,33,14.306,65076,1
2014,06,23,16,33,14.306,65174,1
2014,06,23,16,33,14.306,65274,1
2014,06,23,16,33,14.306,65374,0
2014,06,23,16,33,14.306,65474,0
2014,06,23,16,33,14.794,275,1
2014,06,23,16,33,14.794,139,1
2014,06,23,16,33,14.794,239,0
2014,06,23,16,33,14.794,339,0
2014,06,23,16,33,14.794,275,1
2014,06,23,16,33,15.276,540,1
2014,06,23,16,33,15.276,638,0
2014,06,23,16,33,15.276,276,1
2014,06,23,16,33,15.276,838,0
2014,06,23,16,33,15.276,276,1
2014,06,23,16,33,15.769,1039,1
2014,06,23,16,33,15.769,1139,1
2014,06,23,16,33,15.769,1239,1
2014,06,23,16,33,15.769,1339,0
2014,06,23,16,33,15.769,1439,0
2014,06,23,16,33,16.254,276,1
2014,06,23,16,33,16.254,1639,0
2014,06,23,16,33,16.254,1739,0
2014,06,23,16,33,16.254,1839,0
2014,06,23,16,33,16.254,1939,0
2014,06,23,16,33,16.746,2040,0
2014,06,23,16,33,16.746,2138,0
2014,06,23,16,33,16.746,276,1
2014,06,23,16,33,16.746,2338,1
2014,06,23,16,33,16.746,2438,0
2014,06,23,16,33,17.238,2539,0
2014,06,23,16,33,17.238,277,1
2014,06,23,16,33,17.238,2739,0
2014,06,23,16,33,17.238,2839,0
2014,06,23,16,33,17.238,275,1
2014,06,23,16,33,17.728,3040,0
2014,06,23,16,33,17.728,275,1
2014,06,23,16,33,17.728,3238,0
2014,06,23,16,33,17.728,274,1
2014,06,23,16,33,17.728,3438,0
2014,06,23,16,33,18.216,3539,0
2014,06,23,16,33,18.216,274,1
2014,06,23,16,33,18.216,3739,1
2014,06,23,16,33,18.216,3839,1
2014,06,23,16,33,18.216,3939,0
2014,06,23,16,33,18.699,4040,0
2014,06,23,16,33,18.699,276,1
2014,06,23,16,33,18.699,4238,0
2014,06,23,16,33,18.699,4338,0
2014,06,23,16,33,18.699,275,1
2014,06,23,16,33,19.188,4540,1
2014,06,23,16,33,19.188,4638,0
2014,06,23,16,33,19.188,4738,0
2014,06,23,16,33,19.188,274,1
2014,06,23,16,33,19.188,4938,1
2014,06,23,16,33,19.675,5039,0
2014,06,23,16,33,19.675,275,1
2014,06,23,16,33,19.675,5239,1
2014,06,23,16,33,19.675,5339,0
2014,06,23,16,33,19.675,5439,0
2014,06,23,16,33,20.167,5540,0
2014,06,23,16,33,20.167,276,1
2014,06,23,16,33,20.167,5738,0
2014,06,23,16,33,20.167,5838,0
2014,06,23,16,33,20.167,5938,0
2014,06,23,16,33,20.656,275,1
2014,06,23,16,33,20.656,6139,0
2014,06,23,16,33,20.656,275,1
2014,06,23,16,33,20.656,6339,0
2014,06,23,16,33,20.656,6439,0
2014,06,23,16,33,21.138,6540,0
2014,06,23,16,33,21.138,6638,0
2014,06,23,16,33,21.138,275,1
2014,06,23,16,33,21.138,6838,0
2014,06,23,16,33,21.138,6938,0
2014,06,23,16,33,21.625,7039,0
2014,06,23,16,33,21.625,275,1
2014,06,23,16,33,21.625,7239,0
2014,06,23,16,33,21.625,7338,0
2014,06,23,16,33,21.625,7438,0
2014,06,23,16,33,22.124,7539,0
2014,06,23,16,33,22.124,7639,0
2014,06,23,16,33,22.124,276,1
2014,06,23,16,33,22.124,7839,1
2014,06,23,16,33,22.124,7939,1
2014,06,23,16,33,22.604,8040,0
2014,06,23,16,33,22.604,276,1
2014,06,23,16,33,22.604,8238,0
2014,06,23,16,33,22.604,8338,0
2014,06,23,16,33,22.604,276,1
2014,06,23,16,33,23.097,8539,1
2014,06,23,16,33,23.097,8639,1
2014,06,23,16,33,23.097,8739,0
2014,06,23,16,33,23.097,8839,0
2014,06,23,16,33,23.097,8939,0
2014,06,23,16,33,23.583,277,1
2014,06,23,16,33,23.583,9138,0
2014,06,23,16,33,23.583,9238,0
2014,06,23,16,33,23.583,9338,0
2014,06,23,16,33,23.583,9438,0
2014,06,23,16,33,24.076,9539,0
2014,06,23,16,33,24.076,9639,0
2014,06,23,16,33,24.076,276,1
2014,06,23,16,33,24.076,9839,1
2014,06,23,16,33,24.076,9939,0
2014,06,23,16,33,24.558,10040,0
2014,06,23,16,33,24.558,278,1
2014,06,23,16,33,24.558,10239,0
2014,06,23,16,33,24.558,10339,1
2014,06,23,16,33,24.558,10439,0
2014,06,23,16,33,25.049,10540,0
2014,06,23,16,33,25.049,276,1
2014,06,23,16,33,25.049,10738,1
2014,06,23,16,33,25.049,10838,0
2014,06,23,16,33,25.049,275,1
2014,06,23,16,33,25.531,11039,0
2014,06,23,16,33,25.531,11139,0
2014,06,23,16,33,25.531,11239,0
2014,06,23,16,33,25.531,11339,0
2014,06,23,16,33,25.531,277,1
2014,06,23,16,33,26.025,11540,1
2014,06,23,16,33,26.025,11638,0
2014,06,23,16,33,26.025,277,1
2014,06,23,16,33,26.025,11838,1
2014,06,23,16,33,26.025,11938,1
2014,06,23,16,33,26.509,12039,1
2014,06,23,16,33,26.509,12139,1
2014,06,23,16,33,26.509,12239,0
2014,06,23,16,33,26.509,12339,1
2014,06,23,16,33,26.509,12439,0
2014,06,23,16,33,26.997,12540,0
2014,06,23,16,33,26.997,12638,0
2014,06,23,16,33,26.997,276,1
2014,06,23,16,33,26.997,12838,1
2014,06,23,16,33,26.997,12939,0
2014,06,23,16,33,27.494,275,1
2014,06,23,16,33,27.494,13138,1
2014,06,23,16,33,27.494,13238,0
2014,06,23,16,33,27.494,275,1
2014,06,23,16,33,27.494,13438,0
2014,06,23,16,33,27.980,13539,0
2014,06,23,16,33,27.980,276,1
2014,06,23,16,33,27.980,13739,1
2014,06,23,16,33,27.980,13839,1
2014,06,23,16,33,27.980,13939,0
2014,06,23,16,33,28.469,14040,0
2014,06,23,16,33,28.469,276,1
2014,06,23,16,33,28.469,14238,0
2014,06,23,16,33,28.469,14338,0
2014,06,23,16,33,28.469,14438,0
2014,06,23,16,33,28.952,14539,0
2014,06,23,16,33,28.952,274,1
2014,06,23,16,33,28.952,14739,1
2014,06,23,16,33,28.952,14839,1
2014,06,23,16,33,28.952,14939,0
2014,06,23,16,33,29.439,15040,1
2014,06,23,16,33,29.439,15138,0
2014,06,23,16,33,29.439,276,1
2014,06,23,16,33,29.439,15338,0
2014,06,23,16,33,29.439,274,1
2014,06,23,16,33,29.926,15539,1
2014,06,23,16,33,29.926,15639,0
2014,06,23,16,33,29.926,15738,1
2014,06,23,16,33,29.926,15838,0
2014,06,23,16,33,29.926,15938,0
2014,06,23,16,33,30.425,275,1
2014,06,23,16,33,30.425,16139,0
2014,06,23,16,33,30.425,16239,0
2014,06,23,16,33,30.425,16339,0
2014,06,23,16,33,30.425,16439,0
2014,06,23,16,33,30.909,16540,0
2014,06,23,16,33,30.909,16638,0
2014,06,23,16,33,30.909,16738,0
2014,06,23,16,33,30.909,16838,0
2014,06,23,16,33,30.909,16938,0
2014,06,23,16,33,31.395,17039,0
2014,06,23,16,33,31.395,17139,0
2014,06,23,16,33,31.395,17239,0
2014,06,23,16,33,31.395,17339,0
2014,06,23,16,33,31.395,17439,0
