2014,06,23,16,42,21.359,263,110
2014,06,23,16,42,21.359,263,210
2014,06,23,16,42,21.359,265,310
2014,06,23,16,42,21.359,264,410
2014,06,23,16,42,21.359,264,510
2014,06,23,16,42,21.793,265,611
2014,06,23,16,42,21.793,263,711
2014,06,23,16,42,21.793,266,811
2014,06,23,16,42,21.793,263,911
2014,06,23,16,42,21.793,265,1011
2014,06,23,16,42,22.283,265,1112
2014,06,23,16,42,22.283,264,1210
2014,06,23,16,42,22.283,264,1310
2014,06,23,16,42,22.283,266,1410
2014,06,23,16,42,22.283,265,1510
2014,06,23,16,42,22.767,265,1611
2014,06,23,16,42,22.767,265,1711
2014,06,23,16,42,22.767,265,1811
2014,06,23,16,42,22.767,263,1911
2014,06,23,16,42,22.767,266,2011
2014,06,23,16,42,23.263,266,2112
2014,06,23,16,42,23.263,264,2210
2014,06,23,16,42,23.263,267,2310
2014,06,23,16,42,23.263,263,2410
2014,06,23,16,42,23.263,266,2510
2014,06,23,16,42,23.745,267,2611
2014,06,23,16,42,23.745,264,2711
2014,06,23,16,42,23.745,265,2811
2014,06,23,16,42,23.745,264,2911
2014,06,23,16,42,23.745,266,3011
2014,06,23,16,42,24.238,266,3112
2014,06,23,16,42,24.238,265,3210
2014,06,23,16,42,24.238,266,3310
2014,06,23,16,42,24.238,265,3410
2014,06,23,16,42,24.238,265,3510
2014,06,23,16,42,24.728,265,3611
2014,06,23,16,42,24.728,265,3711
2014,06,23,16,42,24.728,273,1
2014,06,23,16,42,24.728,3911,1
2014,06,23,16,42,24.728,4011,0
2014,06,23,16,42,25.208,4112,0
2014,06,23,16,42,25.208,4210,0
2014,06,23,16,42,25.208,4310,0
2014,06,23,16,42,25.208,273,1
2014,06,23,16,42,25.208,4510,1
2014,06,23,16,42,25.713,4611,0
2014,06,23,16,42,25.713,274,1
2014,06,23,16,42,25.713,4811,0
2014,06,23,16,42,25.713,4911,0
2014,06,23,16,42,25.713,5011,0
2014,06,23,16,42,26.186,275,1
2014,06,23,16,42,26.186,5210,0
2014,06,23,16,42,26.186,274,1
2014,06,23,16,42,26.186,5410,1
2014,06,23,16,42,26.186,5510,1
2014,06,23,16,42,26.678,5611,1
2014,06,23,16,42,26.678,5711,1
2014,06,23,16,42,26.678,5811,1
2014,06,23,16,42,26.678,5911,0
2014,06,23,16,42,26.678,6011,0
2014,06,23,16,42,27.167,6112,0
2014,06,23,16,42,27.167,273,1
2014,06,23,16,42,27.167,6310,0
2014,06,23,16,42,27.167,6410,0
2014,06,23,16,42,27.167,6510,0
2014,06,23,16,42,27.654,6611,0
2014,06,23,16,42,27.654,274,1
2014,06,23,16,42,27.654,6811,0
2014,06,23,16,42,27.654,6911,0
2014,06,23,16,42,27.654,7011,0
2014,06,23,16,42,28.139,274,1
2014,06,23,16,42,28.139,7210,1
2014,06,23,16,42,28.139,7310,1
2014,06,23,16,42,28.139,7410,1
2014,06,23,16,42,28.139,7510,0
2014,06,23,16,42,28.633,273,1
2014,06,23,16,42,28.633,7711,1
2014,06,23,16,42,28.633,7811,1
2014,06,23,16,42,28.633,7911,0
2014,06,23,16,42,28.633,273,1
2014,06,23,16,42,29.115,8112,0
2014,06,23,16,42,29.115,8210,0
2014,06,23,16,42,29.115,8310,0
2014,06,23,16,42,29.115,8410,0
2014,06,23,16,42,29.115,8510,0
2014,06,23,16,42,29.607,276,1
2014,06,23,16,42,29.607,8711,0
2014,06,23,16,42,29.607,8811,1
2014,06,23,16,42,29.607,8911,1
2014,06,23,16,42,29.607,9011,1
2014,06,23,16,42,30.099,9112,1
2014,06,23,16,42,30.099,9210,0
2014,06,23,16,42,30.099,275,1
2014,06,23,16,42,30.099,9410,0
2014,06,23,16,42,30.099,274,1
2014,06,23,16,42,30.581,9611,0
2014,06,23,16,42,30.581,274,1
2014,06,23,16,42,30.581,9811,1
2014,06,23,16,42,30.581,9911,1
2014,06,23,16,42,30.581,10011,0
2014,06,23,16,42,31.074,275,1
2014,06,23,16,42,31.074,10210,0
2014,06,23,16,42,31.074,10310,0
2014,06,23,16,42,31.074,273,1
2014,06,23,16,42,31.074,10510,0
2014,06,23,16,42,31.564,10611,0
2014,06,23,16,42,31.564,10711,0
2014,06,23,16,42,31.564,10811,0
2014,06,23,16,42,31.564,276,1
2014,06,23,16,42,31.564,11011,0
2014,06,23,16,42,32.051,11112,0
2014,06,23,16,42,32.051,275,1
2014,06,23,16,42,32.051,11310,1
2014,06,23,16,42,32.051,11410,1
2014,06,23,16,42,32.051,11510,1
2014,06,23,16,42,32.537,11611,1
2014,06,23,16,42,32.537,11711,1
2014,06,23,16,42,32.537,11811,1
2014,06,23,16,42,32.537,11911,0
2014,06,23,16,42,32.537,12011,0
2014,06,23,16,42,33.026,12112,0
2014,06,23,16,42,33.026,12210,0
2014,06,23,16,42,33.026,12310,0
2014,06,23,16,42,33.026,12410,0
2014,06,23,16,42,33.026,12510,0
2014,06,23,16,42,33.514,277,1
2014,06,23,16,42,33.514,12711,0
2014,06,23,16,42,33.514,12811,0
2014,06,23,16,42,33.514,12911,0
2014,06,23,16,42,33.514,13011,0
2014,06,23,16,42,33.999,13112,0
2014,06,23,16,42,33.999,13210,0
2014,06,23,16,42,33.999,275,1
2014,06,23,16,42,33.999,13410,1
2014,06,23,16,42,33.999,13510,1
2014,06,23,16,42,34.499,13611,1
2014,06,23,16,42,34.499,13711,1
2014,06,23,16,42,34.499,13811,1
2014,06,23,16,42,34.499,13911,1
2014,06,23,16,42,34.499,14011,0
2014,06,23,16,42,34.975,14112,0
2014,06,23,16,42,34.975,275,1
2014,06,23,16,42,34.975,14311,1
2014,06,23,16,42,34.975,14411,1
2014,06,23,16,42,34.975,14511,1
2014,06,23,16,42,35.465,14612,1
2014,06,23,16,42,35.465,14710,1
2014,06,23,16,42,35.465,14810,1
2014,06,23,16,42,35.465,14910,0
2014,06,23,16,42,35.465,276,1
2014,06,23,16,42,35.959,15111,1
2014,06,23,16,42,35.959,15211,0
2014,06,23,16,42,35.959,275,1
2014,06,23,16,42,35.959,15411,0
2014,06,23,16,42,35.959,15511,0
2014,06,23,16,42,36.440,15612,0
2014,06,23,16,42,36.440,15710,0
2014,06,23,16,42,36.440,15810,0
2014,06,23,16,42,36.440,15910,0
2014,06,23,16,42,36.440,276,1
2014,06,23,16,42,36.930,16111,0
2014,06,23,16,42,36.930,16211,0
2014,06,23,16,42,36.930,16311,0
2014,06,23,16,42,36.930,276,1
2014,06,23,16,42,36.930,16511,0
2014,06,23,16,42,37.423,276,1
2014,06,23,16,42,37.423,16710,0
2014,06,23,16,42,37.423,16810,0
2014,06,23,16,42,37.423,276,1
2014,06,23,16,42,37.423,17011,1
2014,06,23,16,42,37.910,17112,1
2014,06,23,16,42,37.910,17210,0
2014,06,23,16,42,37.910,276,1
2014,06,23,16,42,37.910,17410,0
2014,06,23,16,42,37.910,17510,0
2014,06,23,16,42,38.399,17611,0
2014,06,23,16,42,38.399,276,1
2014,06,23,16,42,38.399,17811,1
2014,06,23,16,42,38.399,17911,1
2014,06,23,16,42,38.399,18011,1
2014,06,23,16,42,38.884,18112,0
2014,06,23,16,42,38.884,275,1
2014,06,23,16,42,38.884,18310,1
2014,06,23,16,42,38.884,18410,0
2014,06,23,16,42,38.884,275,1
2014,06,23,16,42,39.368,18611,1
2014,06,23,16,42,39.368,18711,1
2014,06,23,16,42,39.368,18811,0
2014,06,23,16,42,39.368,275,1
2014,06,23,16,42,39.368,19011,1
2014,06,23,16,42,39.858,19112,0
2014,06,23,16,42,39.858,275,1
2014,06,23,16,42,39.858,19310,0
2014,06,23,16,42,39.858,19410,0
2014,06,23,16,42,39.858,19510,0
2014,06,23,16,42,40.350,275,1
2014,06,23,16,42,40.350,19711,0
2014,06,23,16,42,40.350,275,1
2014,06,23,16,42,40.350,19910,1
2014,06,23,16,42,40.350,20010,1
2014,06,23,16,42,40.842,20111,0
2014,06,23,16,42,40.842,20211,0
2014,06,23,16,42,40.842,20311,0
2014,06,23,16,42,40.842,20411,0
2014,06,23,16,42,40.842,20511,0
2014,06,23,16,42,41.327,276,1
2014,06,23,16,42,41.327,20710,1
2014,06,23,16,42,41.327,20810,0
2014,06,23,16,42,41.327,275,1
2014,06,23,16,42,41.327,21010,1
2014,06,23,16,42,41.813,21111,1
2014,06,23,16,42,41.813,21211,0
2014,06,23,16,42,41.813,274,1
2014,06,23,16,42,41.813,21411,0
2014,06,23,16,42,41.813,21511,0
2014,06,23,16,42,42.301,274,1
2014,06,23,16,42,42.301,21710,0
2014,06,23,16,42,42.301,21810,1
2014,06,23,16,42,42.301,21910,1
2014,06,23,16,42,42.301,22010,1
2014,06,23,16,42,42.791,22111,0
2014,06,23,16,42,42.791,22211,0
2014,06,23,16,42,42.791,275,1
2014,06,23,16,42,42.791,22411,1
2014,06,23,16,42,42.791,22511,0
2014,06,23,16,42,43.282,274,1
2014,06,23,16,42,43.282,22711,1
2014,06,23,16,42,43.282,22811,1
2014,06,23,16,42,43.282,22911,0
2014,06,23,16,42,43.282,275,1
2014,06,23,16,42,43.761,23112,0
2014,06,23,16,42,43.761,23210,0
2014,06,23,16,42,43.761,274,1
2014,06,23,16,42,43.761,23410,0
2014,06,23,16,42,43.761,23510,0
2014,06,23,16,42,44.258,274,1
2014,06,23,16,42,44.258,23711,0
2014,06,23,16,42,44.258,23811,0
2014,06,23,16,42,44.258,275,1
2014,06,23,16,42,44.258,24011,0
2014,06,23,16,42,44.739,24112,0
2014,06,23,16,42,44.739,275,1
2014,06,23,16,42,44.739,24310,1
2014,06,23,16,42,44.739,24410,1
2014,06,23,16,42,44.739,24510,1
2014,06,23,16,42,45.232,24611,1
2014,06,23,16,42,45.232,24711,1
2014,06,23,16,42,45.232,24811,1
2014,06,23,16,42,45.232,24911,0
2014,06,23,16,42,45.232,25011,0
2014,06,23,16,42,45.715,25112,0
2014,06,23,16,42,45.715,25210,0
2014,06,23,16,42,45.715,25310,0
2014,06,23,16,42,45.715,274,1
2014,06,23,16,42,45.715,25511,0
2014,06,23,16,42,46.206,25612,0
2014,06,23,16,42,46.206,25710,0
2014,06,23,16,42,46.206,25810,0
2014,06,23,16,42,46.206,25910,0
2014,06,23,16,42,46.206,276,1
2014,06,23,16,42,46.693,26111,1
2014,06,23,16,42,46.693,26211,0
2014,06,23,16,42,46.693,26311,0
2014,06,23,16,42,46.693,26411,0
2014,06,23,16,42,46.693,273,1
2014,06,23,16,42,47.183,26612,0
2014,06,23,16,42,47.183,26710,0
2014,06,23,16,42,47.183,26810,0
2014,06,23,16,42,47.183,276,1
2014,06,23,16,42,47.183,27010,1
2014,06,23,16,42,47.668,27111,1
2014,06,23,16,42,47.668,27211,1
2014,06,23,16,42,47.668,27311,0
2014,06,23,16,42,47.668,27411,0
2014,06,23,16,42,47.668,27511,0
2014,06,23,16,42,48.163,27612,0
2014,06,23,16,42,48.163,274,1
2014,06,23,16,42,48.163,27810,1
2014,06,23,16,42,48.163,27910,0
2014,06,23,16,42,48.163,28010,0
2014,06,23,16,42,48.644,28111,0
2014,06,23,16,42,48.644,28211,0
2014,06,23,16,42,48.644,272,1
2014,06,23,16,42,48.644,28410,0
2014,06,23,16,42,48.644,28510,1
2014,06,23,16,42,49.135,28611,0
2014,06,23,16,42,49.135,28711,0
2014,06,23,16,42,49.135,28811,0
2014,06,23,16,42,49.135,274,1
2014,06,23,16,42,49.135,29011,0
2014,06,23,16,42,49.637,275,1
2014,06,23,16,42,49.637,29210,1
2014,06,23,16,42,49.637,29310,0
2014,06,23,16,42,49.637,29410,0
2014,06,23,16,42,49.637,275,1
2014,06,23,16,42,50.119,29611,1
2014,06,23,16,42,50.119,29711,0
2014,06,23,16,42,50.119,275,1
2014,06,23,16,42,50.119,29911,0
2014,06,23,16,42,50.119,30011,0
2014,06,23,16,42,50.604,30112,0
2014,06,23,16,42,50.604,30210,0
2014,06,23,16,42,50.604,276,1
2014,06,23,16,42,50.604,30410,0
2014,06,23,16,42,50.604,30510,1
2014,06,23,16,42,51.088,30611,0
2014,06,23,16,42,51.088,274,1
2014,06,23,16,42,51.088,30811,1
2014,06,23,16,42,51.088,30911,0
2014,06,23,16,42,51.088,31011,0
2014,06,23,16,42,51.576,274,1
2014,06,23,16,42,51.576,31211,1
2014,06,23,16,42,51.576,31311,1
2014,06,23,16,42,51.576,31411,1
2014,06,23,16,42,51.576,31511,1
2014,06,23,16,42,52.071,31612,1
2014,06,23,16,42,52.071,31710,1
2014,06,23,16,42,52.071,31810,0
2014,06,23,16,42,52.071,275,1
2014,06,23,16,42,52.071,32010,1
2014,06,23,16,42,52.564,32111,0
2014,06,23,16,42,52.564,274,1
2014,06,23,16,42,52.564,32311,1
2014,06,23,16,42,52.564,32411,0
2014,06,23,16,42,52.564,32511,0
2014,06,23,16,42,53.044,273,1
2014,06,23,16,42,53.044,32710,0
2014,06,23,16,42,53.044,274,1
2014,06,23,16,42,53.044,32910,1
2014,06,23,16,42,53.044,33010,0
2014,06,23,16,42,53.528,33111,0
2014,06,23,16,42,53.528,275,1
2014,06,23,16,42,53.528,33311,1
2014,06,23,16,42,53.528,33411,1
2014,06,23,16,42,53.528,33511,1
2014,06,23,16,42,54.019,33612,1
2014,06,23,16,42,54.019,33710,1
2014,06,23,16,42,54.019,33810,1
2014,06,23,16,42,54.019,33911,1
2014,06,23,16,42,54.019,34011,1
2014,06,23,16,42,54.503,34112,1
2014,06,23,16,42,54.503,34210,0
2014,06,23,16,42,54.503,275,1
2014,06,23,16,42,54.503,34410,0
2014,06,23,16,42,54.503,34510,0
2014,06,23,16,42,55.001,34611,0
2014,06,23,16,42,55.001,34711,0
2014,06,23,16,42,55.001,34811,0
2014,06,23,16,42,55.001,34911,0
2014,06,23,16,42,55.001,35011,0
2014,06,23,16,42,55.484,274,1
2014,06,23,16,42,55.484,35210,1
2014,06,23,16,42,55.484,35310,1
2014,06,23,16,42,55.484,35410,0
2014,06,23,16,42,55.484,274,1
2014,06,23,16,42,55.970,35611,1
2014,06,23,16,42,55.970,35711,1
2014,06,23,16,42,55.970,35811,0
2014,06,23,16,42,55.970,35911,0
2014,06,23,16,42,55.970,36011,0
2014,06,23,16,42,56.464,36112,0
2014,06,23,16,42,56.464,275,1
2014,06,23,16,42,56.464,36310,1
2014,06,23,16,42,56.464,36410,1
2014,06,23,16,42,56.464,277,1
2014,06,23,16,42,56.948,36611,0
2014,06,23,16,42,56.948,276,1
2014,06,23,16,42,56.948,36810,0
2014,06,23,16,42,56.948,275,1
2014,06,23,16,42,56.948,37010,1
2014,06,23,16,42,57.435,37111,0
2014,06,23,16,42,57.435,37211,0
2014,06,23,16,42,57.435,37311,0
2014,06,23,16,42,57.435,37411,0
2014,06,23,16,42,57.435,37511,0
2014,06,23,16,42,57.928,37612,0
2014,06,23,16,42,57.928,37710,0
2014,06,23,16,42,57.928,37810,0
2014,06,23,16,42,57.928,37910,0
2014,06,23,16,42,57.928,275,1
2014,06,23,16,42,58.413,38111,1
2014,06,23,16,42,58.413,38211,0
2014,06,23,16,42,58.413,38311,0
2014,06,23,16,42,58.413,275,1
2014,06,23,16,42,58.413,38511,1
2014,06,23,16,42,58.899,38612,0
2014,06,23,16,42,58.899,38710,0
2014,06,23,16,42,58.899,38810,0
2014,06,23,16,42,58.899,38910,0
2014,06,23,16,42,58.899,273,1
2014,06,23,16,42,59.388,39111,1
2014,06,23,16,42,59.388,39211,0
2014,06,23,16,42,59.388,39311,0
2014,06,23,16,42,59.388,39411,0
2014,06,23,16,42,59.388,275,1
2014,06,23,16,42,59.881,39611,0
2014,06,23,16,42,59.881,275,1
2014,06,23,16,42,59.881,39811,1
2014,06,23,16,42,59.881,39911,1
2014,06,23,16,42,59.881,40011,1
2014,06,23,16,43,00.366,40112,0
2014,06,23,16,43,00.366,275,1
2014,06,23,16,43,00.366,40310,1
2014,06,23,16,43,00.366,40410,1
2014,06,23,16,43,00.366,40510,0
2014,06,23,16,43,00.855,40611,0
2014,06,23,16,43,00.855,274,1
2014,06,23,16,43,00.855,40811,0
2014,06,23,16,43,00.855,275,1
2014,06,23,16,43,00.855,41011,1
2014,06,23,16,43,01.342,41112,0
2014,06,23,16,43,01.342,274,1
2014,06,23,16,43,01.342,41310,1
2014,06,23,16,43,01.342,41410,1
2014,06,23,16,43,01.342,41510,0
2014,06,23,16,43,01.837,276,1
2014,06,23,16,43,01.837,41711,0
2014,06,23,16,43,01.837,41811,0
2014,06,23,16,43,01.837,275,1
2014,06,23,16,43,01.837,42011,1
2014,06,23,16,43,02.327,42112,0
2014,06,23,16,43,02.327,42210,0
2014,06,23,16,43,02.327,276,1
2014,06,23,16,43,02.327,42411,1
2014,06,23,16,43,02.327,42511,0
2014,06,23,16,43,02.811,274,1
2014,06,23,16,43,02.811,42710,0
2014,06,23,16,43,02.811,42810,0
2014,06,23,16,43,02.811,42910,0
2014,06,23,16,43,02.811,43010,0
2014,06,23,16,43,03.356,43111,0
2014,06,23,16,43,03.356,274,1
2014,06,23,16,43,03.356,43311,0
2014,06,23,16,43,03.356,43411,0
2014,06,23,16,43,03.356,274,1
2014,06,23,16,43,03.790,43612,1
2014,06,23,16,43,03.790,43710,1
2014,06,23,16,43,03.790,43810,1
2014,06,23,16,43,03.790,43910,0
2014,06,23,16,43,03.790,44010,0
2014,06,23,16,43,04.273,44111,0
2014,06,23,16,43,04.273,44211,0
2014,06,23,16,43,04.273,274,1
2014,06,23,16,43,04.273,44411,1
2014,06,23,16,43,04.273,44511,0
2014,06,23,16,43,04.767,276,1
2014,06,23,16,43,04.767,44710,1
2014,06,23,16,43,04.767,44810,1
2014,06,23,16,43,04.767,44910,0
2014,06,23,16,43,04.767,274,1
2014,06,23,16,43,05.264,45111,1
2014,06,23,16,43,05.264,45210,1
2014,06,23,16,43,05.264,45310,0
2014,06,23,16,43,05.264,273,1
2014,06,23,16,43,05.264,45510,0
2014,06,23,16,43,05.737,275,1
2014,06,23,16,43,05.737,45711,0
2014,06,23,16,43,05.737,275,1
2014,06,23,16,43,05.737,45911,1
2014,06,23,16,43,05.737,46011,1
2014,06,23,16,43,06.229,46112,1
2014,06,23,16,43,06.229,46210,1
2014,06,23,16,43,06.229,46310,0
2014,06,23,16,43,06.229,276,1
2014,06,23,16,43,06.229,46510,0
2014,06,23,16,43,06.711,46611,0
2014,06,23,16,43,06.711,275,1
2014,06,23,16,43,06.711,46811,1
2014,06,23,16,43,06.711,46911,1
2014,06,23,16,43,06.711,47011,0
2014,06,23,16,43,07.206,47112,0
2014,06,23,16,43,07.206,47210,0
2014,06,23,16,43,07.206,47310,0
2014,06,23,16,43,07.206,47410,0
2014,06,23,16,43,07.206,47510,0
2014,06,23,16,43,07.688,271,1
2014,06,23,16,43,07.688,276,1
2014,06,23,16,43,07.688,47811,1
2014,06,23,16,43,07.688,47911,0
2014,06,23,16,43,07.688,276,1
2014,06,23,16,43,08.176,48111,1
2014,06,23,16,43,08.176,48211,0
2014,06,23,16,43,08.176,274,1
2014,06,23,16,43,08.176,48411,0
2014,06,23,16,43,08.176,48511,0
2014,06,23,16,43,08.669,48612,0
2014,06,23,16,43,08.669,276,1
2014,06,23,16,43,08.669,48810,0
2014,06,23,16,43,08.669,275,1
2014,06,23,16,43,08.669,49010,0
2014,06,23,16,43,09.158,49111,0
2014,06,23,16,43,09.158,49211,0
2014,06,23,16,43,09.158,49311,0
2014,06,23,16,43,09.158,274,1
2014,06,23,16,43,09.158,49511,1
2014,06,23,16,43,09.650,49612,0
2014,06,23,16,43,09.650,49710,0
2014,06,23,16,43,09.650,276,1
2014,06,23,16,43,09.650,49910,0
2014,06,23,16,43,09.650,50010,0
2014,06,23,16,43,10.130,276,1
2014,06,23,16,43,10.130,50211,1
2014,06,23,16,43,10.130,50311,1
2014,06,23,16,43,10.130,50411,0
2014,06,23,16,43,10.130,50511,0
2014,06,23,16,43,10.626,50612,0
2014,06,23,16,43,10.626,275,1
2014,06,23,16,43,10.626,50810,1
2014,06,23,16,43,10.626,50911,1
2014,06,23,16,43,10.626,51011,1
2014,06,23,16,43,11.124,51112,1
2014,06,23,16,43,11.124,51210,0
2014,06,23,16,43,11.124,276,1
2014,06,23,16,43,11.124,51410,1
2014,06,23,16,43,11.124,51510,1
2014,06,23,16,43,11.608,51611,0
2014,06,23,16,43,11.608,275,1
2014,06,23,16,43,11.608,51811,0
2014,06,23,16,43,11.608,275,1
2014,06,23,16,43,11.608,52011,0
2014,06,23,16,43,12.091,52112,0
2014,06,23,16,43,12.091,276,1
2014,06,23,16,43,12.091,52310,1
2014,06,23,16,43,12.091,52410,1
2014,06,23,16,43,12.091,52510,0
2014,06,23,16,43,12.578,52611,0
2014,06,23,16,43,12.578,52711,0
2014,06,23,16,43,12.578,52811,0
2014,06,23,16,43,12.578,52911,0
2014,06,23,16,43,12.578,273,1
2014,06,23,16,43,13.080,53112,1
2014,06,23,16,43,13.080,53210,0
2014,06,23,16,43,13.080,275,1
2014,06,23,16,43,13.080,53410,1
2014,06,23,16,43,13.080,53510,0
2014,06,23,16,43,13.556,276,1
2014,06,23,16,43,13.556,53710,0
2014,06,23,16,43,13.556,270,1
2014,06,23,16,43,13.556,276,1
2014,06,23,16,43,13.556,54010,0
2014,06,23,16,43,14.045,274,1
2014,06,23,16,43,14.045,54211,0
2014,06,23,16,43,14.045,275,1
2014,06,23,16,43,14.045,54411,0
2014,06,23,16,43,14.045,274,1
2014,06,23,16,43,14.528,54612,1
2014,06,23,16,43,14.528,54710,1
2014,06,23,16,43,14.528,54810,0
2014,06,23,16,43,14.528,274,1
2014,06,23,16,43,14.528,55010,0
2014,06,23,16,43,15.018,275,1
2014,06,23,16,43,15.018,55211,1
2014,06,23,16,43,15.018,55311,0
2014,06,23,16,43,15.018,55411,0
2014,06,23,16,43,15.018,55511,0
2014,06,23,16,43,15.501,55612,0
2014,06,23,16,43,15.501,275,1
2014,06,23,16,43,15.501,55810,0
2014,06,23,16,43,15.501,276,1
2014,06,23,16,43,15.501,56010,1
2014,06,23,16,43,15.999,56111,0
2014,06,23,16,43,15.999,56211,0
2014,06,23,16,43,15.999,56311,0
2014,06,23,16,43,15.999,275,1
2014,06,23,16,43,15.999,56510,1
2014,06,23,16,43,16.478,56611,0
2014,06,23,16,43,16.478,276,1
2014,06,23,16,43,16.478,56811,1
2014,06,23,16,43,16.478,56911,0
2014,06,23,16,43,16.478,57011,0
2014,06,23,16,43,16.970,275,1
2014,06,23,16,43,16.970,57210,1
2014,06,23,16,43,16.970,57310,0
2014,06,23,16,43,16.970,57410,0
2014,06,23,16,43,16.970,275,1
2014,06,23,16,43,17.457,57611,0
2014,06,23,16,43,17.457,57711,0
2014,06,23,16,43,17.457,57811,0
2014,06,23,16,43,17.457,57911,0
2014,06,23,16,43,17.457,274,1
2014,06,23,16,43,17.940,58112,1
2014,06,23,16,43,17.940,58210,0
2014,06,23,16,43,17.940,276,1
2014,06,23,16,43,17.940,58410,0
2014,06,23,16,43,17.940,58510,1
2014,06,23,16,43,18.432,58611,1
2014,06,23,16,43,18.432,58711,1
2014,06,23,16,43,18.432,58811,0
2014,06,23,16,43,18.432,274,1
2014,06,23,16,43,18.432,59011,0
2014,06,23,16,43,18.924,274,1
2014,06,23,16,43,18.924,59210,1
2014,06,23,16,43,18.924,59311,0
2014,06,23,16,43,18.924,59411,0
2014,06,23,16,43,18.924,275,1
2014,06,23,16,43,19.407,59612,1
2014,06,23,16,43,19.407,59710,1
2014,06,23,16,43,19.407,59810,0
2014,06,23,16,43,19.407,275,1
2014,06,23,16,43,19.407,60010,1
2014,06,23,16,43,19.900,60111,0
2014,06,23,16,43,19.900,60211,0
2014,06,23,16,43,19.900,275,1
2014,06,23,16,43,19.900,60411,0
2014,06,23,16,43,19.900,275,1
2014,06,23,16,43,20.389,60612,0
2014,06,23,16,43,20.389,276,1
2014,06,23,16,43,20.389,60810,1
2014,06,23,16,43,20.389,60910,0
2014,06,23,16,43,20.389,61010,0
2014,06,23,16,43,20.880,61111,0
2014,06,23,16,43,20.880,275,1
2014,06,23,16,43,20.880,61311,0
2014,06,23,16,43,20.880,275,1
2014,06,23,16,43,20.880,61511,1
2014,06,23,16,43,21.367,61612,0
2014,06,23,16,43,21.367,275,1
2014,06,23,16,43,21.367,61810,1
2014,06,23,16,43,21.367,61910,0
2014,06,23,16,43,21.367,62010,0
2014,06,23,16,43,21.853,62111,0
2014,06,23,16,43,21.853,275,1
2014,06,23,16,43,21.853,62311,0
2014,06,23,16,43,21.853,274,1
2014,06,23,16,43,21.853,62511,0
2014,06,23,16,43,22.336,62612,0
2014,06,23,16,43,22.336,62710,0
2014,06,23,16,43,22.336,276,1
2014,06,23,16,43,22.336,62910,0
2014,06,23,16,43,22.336,275,1
2014,06,23,16,43,22.823,63111,0
2014,06,23,16,43,22.823,63211,0
2014,06,23,16,43,22.823,276,1
2014,06,23,16,43,22.823,63411,1
2014,06,23,16,43,22.823,63511,1
2014,06,23,16,43,23.311,63612,1
2014,06,23,16,43,23.311,63710,0
2014,06,23,16,43,23.311,63810,0
2014,06,23,16,43,23.311,275,1
2014,06,23,16,43,23.311,64010,1
2014,06,23,16,43,23.808,64111,0
2014,06,23,16,43,23.808,276,1
2014,06,23,16,43,23.808,64311,1
2014,06,23,16,43,23.808,64411,0
2014,06,23,16,43,23.808,275,1
2014,06,23,16,43,24.295,64612,0
2014,06,23,16,43,24.295,275,1
2014,06,23,16,43,24.295,64810,0
2014,06,23,16,43,24.295,64910,0
2014,06,23,16,43,24.295,277,1
2014,06,23,16,43,24.778,65112,1
2014,06,23,16,43,24.778,65210,0
2014,06,23,16,43,24.778,65310,1
2014,06,23,16,43,24.778,65410,1
2014,06,23,16,43,24.778,65510,0
2014,06,23,16,43,25.272,75,0
2014,06,23,16,43,25.272,175,0
2014,06,23,16,43,25.272,275,0
2014,06,23,16,43,25.272,375,0
2014,06,23,16,43,25.272,275,1
2014,06,23,16,43,25.761,576,1
2014,06,23,16,43,25.761,674,0
2014,06,23,16,43,25.761,274,1
2014,06,23,16,43,25.761,874,1
2014,06,23,16,43,25.761,974,1
2014,06,23,16,43,26.257,1075,0
2014,06,23,16,43,26.257,1175,0
2014,06,23,16,43,26.257,1275,0
2014,06,23,16,43,26.257,275,1
2014,06,23,16,43,26.257,1475,1
2014,06,23,16,43,26.736,1576,0
2014,06,23,16,43,26.736,275,1
2014,06,23,16,43,26.736,1774,1
2014,06,23,16,43,26.736,1874,0
2014,06,23,16,43,26.736,1974,0
2014,06,23,16,43,27.224,2075,0
2014,06,23,16,43,27.224,275,1
2014,06,23,16,43,27.224,2274,0
2014,06,23,16,43,27.224,2374,0
2014,06,23,16,43,27.224,276,1
2014,06,23,16,43,27.716,2575,0
2014,06,23,16,43,27.716,276,1
2014,06,23,16,43,27.716,2775,1
2014,06,23,16,43,27.716,2875,1
2014,06,23,16,43,27.716,2975,0
2014,06,23,16,43,28.210,3076,0
2014,06,23,16,43,28.210,3174,0
2014,06,23,16,43,28.210,3274,0
2014,06,23,16,43,28.210,3374,0
2014,06,23,16,43,28.210,274,1
2014,06,23,16,43,28.691,3575,1
2014,06,23,16,43,28.691,3675,0
2014,06,23,16,43,28.691,3775,0
2014,06,23,16,43,28.691,276,1
2014,06,23,16,43,28.691,3975,0
2014,06,23,16,43,29.186,275,1
2014,06,23,16,43,29.186,4174,0
2014,06,23,16,43,29.186,4274,0
2014,06,23,16,43,29.186,4374,0
2014,06,23,16,43,29.186,4474,0
2014,06,23,16,43,29.665,277,1
2014,06,23,16,43,29.665,4675,0
2014,06,23,16,43,29.665,275,1
2014,06,23,16,43,29.665,4875,1
2014,06,23,16,43,29.665,4975,0
2014,06,23,16,43,30.152,5075,0
2014,06,23,16,43,30.152,5175,0
2014,06,23,16,43,30.152,275,1
2014,06,23,16,43,30.152,5375,0
2014,06,23,16,43,30.152,5475,0
2014,06,23,16,43,30.637,5576,0
2014,06,23,16,43,30.637,5674,0
2014,06,23,16,43,30.637,276,1
2014,06,23,16,43,30.637,5874,1
2014,06,23,16,43,30.637,5974,1
2014,06,23,16,43,31.130,6075,1
2014,06,23,16,43,31.130,6175,0
2014,06,23,16,43,31.130,6275,0
2014,06,23,16,43,31.130,274,1
2014,06,23,16,43,31.130,6475,0
2014,06,23,16,43,31.618,6576,0
2014,06,23,16,43,31.618,274,1
2014,06,23,16,43,31.618,6774,1
2014,06,23,16,43,31.618,6874,0
2014,06,23,16,43,31.618,275,1
2014,06,23,16,43,32.110,7075,1
2014,06,23,16,43,32.110,7175,1
2014,06,23,16,43,32.110,7275,0
2014,06,23,16,43,32.110,276,1
2014,06,23,16,43,32.110,7475,1
2014,06,23,16,43,32.594,7576,1
2014,06,23,16,43,32.594,7674,1
2014,06,23,16,43,32.594,7774,0
2014,06,23,16,43,32.594,7875,0
2014,06,23,16,43,32.594,275,1
2014,06,23,16,43,33.077,8076,1
2014,06,23,16,43,33.077,8174,1
2014,06,23,16,43,33.077,8274,0
2014,06,23,16,43,33.077,8374,0
2014,06,23,16,43,33.077,277,1
2014,06,23,16,43,33.574,8575,0
2014,06,23,16,43,33.574,276,1
2014,06,23,16,43,33.574,8775,0
2014,06,23,16,43,33.574,275,1
2014,06,23,16,43,33.574,8975,0
2014,06,23,16,43,34.056,9076,0
2014,06,23,16,43,34.056,9174,0
2014,06,23,16,43,34.056,277,1
2014,06,23,16,43,34.056,9374,0
2014,06,23,16,43,34.056,9474,0
2014,06,23,16,43,34.550,9575,0
2014,06,23,16,43,34.550,9675,0
2014,06,23,16,43,34.550,9775,0
2014,06,23,16,43,34.550,9875,0
2014,06,23,16,43,34.550,9975,0
2014,06,23,16,43,35.033,275,1
2014,06,23,16,43,35.033,10174,0
2014,06,23,16,43,35.033,274,1
2014,06,23,16,43,35.033,10374,0
2014,06,23,16,43,35.033,10474,0
2014,06,23,16,43,35.523,275,1
2014,06,23,16,43,35.523,10675,1
2014,06,23,16,43,35.523,10774,0
2014,06,23,16,43,35.523,10874,0
2014,06,23,16,43,35.523,275,1
2014,06,23,16,43,36.016,11075,0
2014,06,23,16,43,36.016,274,1
2014,06,23,16,43,36.016,11275,0
2014,06,23,16,43,36.016,11375,0
2014,06,23,16,43,36.016,11475,0
2014,06,23,16,43,36.494,275,1
2014,06,23,16,43,36.494,11674,0
2014,06,23,16,43,36.494,274,1
2014,06,23,16,43,36.494,11874,0
2014,06,23,16,43,36.494,11974,0
2014,06,23,16,43,36.991,274,1
2014,06,23,16,43,36.991,12175,0
2014,06,23,16,43,36.991,12275,0
2014,06,23,16,43,36.991,277,1
2014,06,23,16,43,36.991,12475,0
2014,06,23,16,43,37.480,12576,0
2014,06,23,16,43,37.480,12674,0
2014,06,23,16,43,37.480,12774,0
2014,06,23,16,43,37.480,12874,0
2014,06,23,16,43,37.480,12974,0
2014,06,23,16,43,37.968,13075,0
2014,06,23,16,43,37.968,13175,0
2014,06,23,16,43,37.968,276,1
2014,06,23,16,43,37.968,13375,0
2014,06,23,16,43,37.968,275,1
2014,06,23,16,43,38.456,13575,1
2014,06,23,16,43,38.456,13675,0
2014,06,23,16,43,38.456,275,1
2014,06,23,16,43,38.456,13875,1
2014,06,23,16,43,38.456,13975,1
2014,06,23,16,43,38.939,14076,1
2014,06,23,16,43,38.939,14174,1
2014,06,23,16,43,38.939,14274,0
2014,06,23,16,43,38.939,14374,0
2014,06,23,16,43,38.939,14474,0
2014,06,23,16,43,39.431,14575,0
2014,06,23,16,43,39.431,14675,0
2014,06,23,16,43,39.431,14775,0
2014,06,23,16,43,39.431,14875,0
2014,06,23,16,43,39.431,273,1
2014,06,23,16,43,39.912,15076,0
2014,06,23,16,43,39.912,15174,0
2014,06,23,16,43,39.912,15274,0
2014,06,23,16,43,39.912,277,1
2014,06,23,16,43,39.912,15474,0
2014,06,23,16,43,40.408,15575,0
2014,06,23,16,43,40.408,15675,0
2014,06,23,16,43,40.408,15775,0
2014,06,23,16,43,40.408,274,1
2014,06,23,16,43,40.408,15975,0
2014,06,23,16,43,40.896,276,1
2014,06,23,16,43,40.896,16174,0
2014,06,23,16,43,40.896,16274,0
2014,06,23,16,43,40.896,16375,0
2014,06,23,16,43,40.896,16475,0
2014,06,23,16,43,41.378,276,1
2014,06,23,16,43,41.378,16674,1
2014,06,23,16,43,41.378,16774,1
2014,06,23,16,43,41.378,16874,0
2014,06,23,16,43,41.378,16974,0
2014,06,23,16,43,41.873,275,1
2014,06,23,16,43,41.873,17175,1
2014,06,23,16,43,41.873,17275,0
2014,06,23,16,43,41.873,17375,0
2014,06,23,16,43,41.873,276,1
2014,06,23,16,43,42.361,17576,1
2014,06,23,16,43,42.361,17674,0
2014,06,23,16,43,42.361,17774,0
2014,06,23,16,43,42.361,274,1
2014,06,23,16,43,42.361,17974,1
2014,06,23,16,43,42.852,18075,0
2014,06,23,16,43,42.852,274,1
2014,06,23,16,43,42.852,18275,0
2014,06,23,16,43,42.852,18375,1
2014,06,23,16,43,42.852,18475,1
2014,06,23,16,43,43.332,18576,0
2014,06,23,16,43,43.332,18674,0
2014,06,23,16,43,43.332,18774,0
2014,06,23,16,43,43.332,274,1
2014,06,23,16,43,43.332,18974,0
2014,06,23,16,43,43.824,276,1
2014,06,23,16,43,43.824,19174,0
2014,06,23,16,43,43.824,276,1
2014,06,23,16,43,43.824,19374,0
2014,06,23,16,43,43.824,19474,0
2014,06,23,16,43,44.312,19575,0
2014,06,23,16,43,44.312,19675,0
2014,06,23,16,43,44.312,276,1
2014,06,23,16,43,44.312,19875,1
2014,06,23,16,43,44.312,19975,0
2014,06,23,16,43,44.799,20076,0
2014,06,23,16,43,44.799,20174,0
2014,06,23,16,43,44.799,20274,0
2014,06,23,16,43,44.799,276,1
2014,06,23,16,43,44.799,20474,0
2014,06,23,16,43,45.292,20575,0
2014,06,23,16,43,45.292,276,1
2014,06,23,16,43,45.292,20775,1
2014,06,23,16,43,45.292,20875,0
2014,06,23,16,43,45.292,20975,0
2014,06,23,16,43,45.776,273,1
2014,06,23,16,43,45.776,21174,0
2014,06,23,16,43,45.776,21274,0
2014,06,23,16,43,45.776,21374,0
2014,06,23,16,43,45.776,21474,0
2014,06,23,16,43,46.263,276,1
2014,06,23,16,43,46.263,21675,1
2014,06,23,16,43,46.263,21775,1
2014,06,23,16,43,46.263,21875,0
2014,06,23,16,43,46.263,276,1
2014,06,23,16,43,46.752,22075,0
2014,06,23,16,43,46.752,22175,0
2014,06,23,16,43,46.752,22275,0
2014,06,23,16,43,46.752,22375,0
2014,06,23,16,43,46.752,275,1
2014,06,23,16,43,47.236,22576,1
2014,06,23,16,43,47.236,22674,0
2014,06,23,16,43,47.236,22774,0
2014,06,23,16,43,47.236,275,1
2014,06,23,16,43,47.236,22974,0
2014,06,23,16,43,47.730,23075,0
2014,06,23,16,43,47.730,275,1
2014,06,23,16,43,47.730,23275,1
2014,06,23,16,43,47.730,23375,1
2014,06,23,16,43,47.730,23475,0
2014,06,23,16,43,48.213,276,1
2014,06,23,16,43,48.213,23674,0
2014,06,23,16,43,48.213,274,1
2014,06,23,16,43,48.213,23874,0
2014,06,23,16,43,48.213,274,1
2014,06,23,16,43,48.703,24075,0
2014,06,23,16,43,48.703,24175,0
2014,06,23,16,43,48.703,277,1
2014,06,23,16,43,48.703,24375,0
2014,06,23,16,43,48.703,24475,0
2014,06,23,16,43,49.192,275,1
2014,06,23,16,43,49.192,24674,0
2014,06,23,16,43,49.192,274,1
2014,06,23,16,43,49.192,24875,1
2014,06,23,16,43,49.192,24975,1
2014,06,23,16,43,49.687,25076,0
2014,06,23,16,43,49.687,275,1
2014,06,23,16,43,49.687,25274,1
2014,06,23,16,43,49.687,25374,1
2014,06,23,16,43,49.687,25474,1
2014,06,23,16,43,50.167,25575,0
2014,06,23,16,43,50.167,276,1
2014,06,23,16,43,50.167,25775,1
2014,06,23,16,43,50.167,25875,0
2014,06,23,16,43,50.167,25975,0
2014,06,23,16,43,50.660,276,1
2014,06,23,16,43,50.660,26174,1
2014,06,23,16,43,50.660,26274,0
2014,06,23,16,43,50.660,26374,0
2014,06,23,16,43,50.660,276,1
2014,06,23,16,43,51.147,26575,1
2014,06,23,16,43,51.147,26675,0
2014,06,23,16,43,51.147,275,1
2014,06,23,16,43,51.147,26875,1
2014,06,23,16,43,51.147,26975,1
2014,06,23,16,43,51.635,27076,0
2014,06,23,16,43,51.635,27174,0
2014,06,23,16,43,51.635,275,1
2014,06,23,16,43,51.635,27374,1
2014,06,23,16,43,51.635,27474,0
2014,06,23,16,43,52.125,275,1
2014,06,23,16,43,52.125,27674,1
2014,06,23,16,43,52.125,27774,1
2014,06,23,16,43,52.125,27874,0
2014,06,23,16,43,52.125,27974,0
2014,06,23,16,43,52.609,28075,0
2014,06,23,16,43,52.609,28175,0
2014,06,23,16,43,52.609,28275,0
2014,06,23,16,43,52.609,275,1
2014,06,23,16,43,52.609,28475,1
2014,06,23,16,43,53.101,28576,1
2014,06,23,16,43,53.101,28674,1
2014,06,23,16,43,53.101,28774,1
2014,06,23,16,43,53.101,28874,1
2014,06,23,16,43,53.101,28974,1
2014,06,23,16,43,53.585,29075,1
2014,06,23,16,43,53.585,29175,1
2014,06,23,16,43,53.585,29275,1
2014,06,23,16,43,53.585,29375,0
2014,06,23,16,43,53.585,276,1
2014,06,23,16,43,54.077,29576,0
2014,06,23,16,43,54.077,29674,0
2014,06,23,16,43,54.077,29774,0
2014,06,23,16,43,54.077,29874,0
2014,06,23,16,43,54.077,29974,0
2014,06,23,16,43,54.565,277,1
2014,06,23,16,43,54.565,30175,0
2014,06,23,16,43,54.565,30275,0
2014,06,23,16,43,54.565,30375,0
2014,06,23,16,43,54.565,276,1
2014,06,23,16,43,55.052,30575,0
2014,06,23,16,43,55.052,30675,0
2014,06,23,16,43,55.052,30775,0
2014,06,23,16,43,55.052,275,1
2014,06,23,16,43,55.052,30975,0
2014,06,23,16,43,55.537,31076,0
2014,06,23,16,43,55.537,275,1
2014,06,23,16,43,55.537,31274,0
2014,06,23,16,43,55.537,275,1
2014,06,23,16,43,55.537,31474,1
2014,06,23,16,43,56.030,31575,1
2014,06,23,16,43,56.030,31675,0
2014,06,23,16,43,56.030,275,1
2014,06,23,16,43,56.030,31875,0
2014,06,23,16,43,56.030,275,1
2014,06,23,16,43,56.522,32076,1
2014,06,23,16,43,56.522,32174,1
2014,06,23,16,43,56.522,32274,1
2014,06,23,16,43,56.522,32374,0
2014,06,23,16,43,56.522,32474,0
2014,06,23,16,43,57.013,275,1
2014,06,23,16,43,57.013,32675,0
2014,06,23,16,43,57.013,32775,0
2014,06,23,16,43,57.013,276,1
2014,06,23,16,43,57.013,32975,1
2014,06,23,16,43,57.497,33076,1
2014,06,23,16,43,57.497,33174,0
2014,06,23,16,43,57.497,275,1
2014,06,23,16,43,57.497,33375,0
2014,06,23,16,43,57.497,275,1
2014,06,23,16,43,57.988,33576,0
2014,06,23,16,43,57.988,33674,0
2014,06,23,16,43,57.988,274,1
2014,06,23,16,43,57.988,33874,0
2014,06,23,16,43,57.988,33974,0
2014,06,23,16,43,58.476,276,1
2014,06,23,16,43,58.476,34175,0
2014,06,23,16,43,58.476,34275,0
2014,06,23,16,43,58.476,34375,0
2014,06,23,16,43,58.476,34475,0
2014,06,23,16,43,58.963,34576,0
2014,06,23,16,43,58.963,34674,0
2014,06,23,16,43,58.963,34774,0
2014,06,23,16,43,58.963,34874,0
2014,06,23,16,43,58.963,34974,0
2014,06,23,16,43,59.446,35075,0
2014,06,23,16,43,59.446,276,1
2014,06,23,16,43,59.446,35275,0
2014,06,23,16,43,59.446,276,1
2014,06,23,16,43,59.446,35475,1
2014,06,23,16,43,59.932,35576,0
2014,06,23,16,43,59.932,275,1
2014,06,23,16,43,59.932,35774,0
2014,06,23,16,43,59.932,35874,0
2014,06,23,16,43,59.932,35974,0
2014,06,23,16,44,00.420,276,1
2014,06,23,16,44,00.420,36174,0
2014,06,23,16,44,00.420,36274,0
2014,06,23,16,44,00.420,36374,0
2014,06,23,16,44,00.420,276,1
2014,06,23,16,44,00.911,36575,1
2014,06,23,16,44,00.911,36675,0
2014,06,23,16,44,00.911,276,1
2014,06,23,16,44,00.911,36875,1
2014,06,23,16,44,00.911,36975,0
2014,06,23,16,44,01.403,276,1
2014,06,23,16,44,01.403,37174,1
2014,06,23,16,44,01.403,37274,1
2014,06,23,16,44,01.403,37374,1
2014,06,23,16,44,01.403,37474,1
2014,06,23,16,44,01.890,37575,1
2014,06,23,16,44,01.890,37675,0
2014,06,23,16,44,01.890,37775,0
2014,06,23,16,44,01.890,276,1
2014,06,23,16,44,01.890,37975,1
2014,06,23,16,44,02.382,38076,1
2014,06,23,16,44,02.382,38174,0
2014,06,23,16,44,02.382,38274,0
2014,06,23,16,44,02.382,275,1
2014,06,23,16,44,02.382,38474,0
2014,06,23,16,44,02.863,38575,0
2014,06,23,16,44,02.863,38675,0
2014,06,23,16,44,02.863,38775,0
2014,06,23,16,44,02.863,38875,0
2014,06,23,16,44,02.863,277,1
2014,06,23,16,44,03.358,39075,0
2014,06,23,16,44,03.358,39175,0
2014,06,23,16,44,03.358,39275,0
2014,06,23,16,44,03.358,275,1
2014,06,23,16,44,03.358,39475,1
2014,06,23,16,44,03.838,39576,1
2014,06,23,16,44,03.838,39674,1
2014,06,23,16,44,03.838,39774,0
2014,06,23,16,44,03.838,39874,0
2014,06,23,16,44,03.838,277,1
2014,06,23,16,44,04.334,40075,0
2014,06,23,16,44,04.334,274,1
2014,06,23,16,44,04.334,40275,0
2014,06,23,16,44,04.334,40375,0
2014,06,23,16,44,04.334,40475,0
2014,06,23,16,44,04.822,275,1
2014,06,23,16,44,04.822,40674,0
2014,06,23,16,44,04.822,276,1
2014,06,23,16,44,04.822,40874,0
2014,06,23,16,44,04.822,40974,0
2014,06,23,16,44,05.307,277,1
2014,06,23,16,44,05.307,41175,1
2014,06,23,16,44,05.307,41275,1
2014,06,23,16,44,05.307,41375,0
2014,06,23,16,44,05.307,276,1
2014,06,23,16,44,05.794,41576,0
2014,06,23,16,44,05.794,41674,0
2014,06,23,16,44,05.794,41775,0
2014,06,23,16,44,05.794,275,1
2014,06,23,16,44,05.794,41975,1
2014,06,23,16,44,06.288,42076,1
2014,06,23,16,44,06.288,42174,1
2014,06,23,16,44,06.288,42274,1
2014,06,23,16,44,06.288,42374,1
2014,06,23,16,44,06.288,42474,1
2014,06,23,16,44,06.771,42575,0
2014,06,23,16,44,06.771,275,1
2014,06,23,16,44,06.771,42775,1
2014,06,23,16,44,06.771,42875,0
2014,06,23,16,44,06.771,42975,0
2014,06,23,16,44,07.261,275,1
2014,06,23,16,44,07.261,43174,1
2014,06,23,16,44,07.261,43274,0
2014,06,23,16,44,07.261,43374,0
2014,06,23,16,44,07.261,43474,0
2014,06,23,16,44,07.750,43575,0
2014,06,23,16,44,07.750,276,1
2014,06,23,16,44,07.750,43775,1
2014,06,23,16,44,07.750,43875,1
2014,06,23,16,44,07.750,43975,0
2014,06,23,16,44,08.242,276,1
2014,06,23,16,44,08.242,44174,1
2014,06,23,16,44,08.242,44274,0
2014,06,23,16,44,08.242,44374,0
2014,06,23,16,44,08.242,276,1
2014,06,23,16,44,08.730,44576,1
2014,06,23,16,44,08.730,44674,0
2014,06,23,16,44,08.730,44774,0
2014,06,23,16,44,08.730,275,1
2014,06,23,16,44,08.730,44974,1
2014,06,23,16,44,09.215,45075,0
2014,06,23,16,44,09.215,45175,0
2014,06,23,16,44,09.215,276,1
2014,06,23,16,44,09.215,45375,1
2014,06,23,16,44,09.215,45475,0
2014,06,23,16,44,09.702,277,1
2014,06,23,16,44,09.702,45674,1
2014,06,23,16,44,09.702,45774,0
2014,06,23,16,44,09.702,276,1
2014,06,23,16,44,09.702,45974,1
2014,06,23,16,44,10.191,46075,1
2014,06,23,16,44,10.191,46175,0
2014,06,23,16,44,10.191,276,1
2014,06,23,16,44,10.191,46375,0
2014,06,23,16,44,10.191,276,1
2014,06,23,16,44,10.678,46576,1
2014,06,23,16,44,10.678,46674,0
2014,06,23,16,44,10.678,46774,0
2014,06,23,16,44,10.678,46874,0
2014,06,23,16,44,10.678,46974,0
2014,06,23,16,44,11.171,47075,0
2014,06,23,16,44,11.171,47175,0
2014,06,23,16,44,11.171,274,1
2014,06,23,16,44,11.171,47375,1
2014,06,23,16,44,11.171,47474,1
2014,06,23,16,44,11.655,47575,1
2014,06,23,16,44,11.655,47675,1
2014,06,23,16,44,11.655,47775,1
2014,06,23,16,44,11.655,47875,0
2014,06,23,16,44,11.655,47975,0
2014,06,23,16,44,12.148,48076,0
2014,06,23,16,44,12.148,48174,0
2014,06,23,16,44,12.148,275,1
2014,06,23,16,44,12.148,48374,1
2014,06,23,16,44,12.148,48474,1
2014,06,23,16,44,12.630,48575,0
2014,06,23,16,44,12.630,275,1
2014,06,23,16,44,12.630,48775,0
2014,06,23,16,44,12.630,275,1
2014,06,23,16,44,12.630,48975,1
2014,06,23,16,44,13.121,49076,0
2014,06,23,16,44,13.121,49174,0
2014,06,23,16,44,13.121,49274,0
2014,06,23,16,44,13.121,49374,0
2014,06,23,16,44,13.121,49474,0
2014,06,23,16,44,13.605,49575,0
2014,06,23,16,44,13.605,276,1
2014,06,23,16,44,13.605,49775,0
2014,06,23,16,44,13.605,276,1
2014,06,23,16,44,13.605,49975,1
2014,06,23,16,44,14.091,50076,1
2014,06,23,16,44,14.091,50174,0
2014,06,23,16,44,14.091,50275,0
2014,06,23,16,44,14.091,50375,0
2014,06,23,16,44,14.091,50475,0
2014,06,23,16,44,14.580,50576,0
2014,06,23,16,44,14.580,50674,0
2014,06,23,16,44,14.580,276,1
2014,06,23,16,44,14.580,50874,1
2014,06,23,16,44,14.580,50974,1
2014,06,23,16,44,15.076,51075,0
2014,06,23,16,44,15.076,276,1
2014,06,23,16,44,15.076,51275,1
2014,06,23,16,44,15.076,51375,1
2014,06,23,16,44,15.076,51475,0
2014,06,23,16,44,15.564,51576,0
2014,06,23,16,44,15.564,51674,0
2014,06,23,16,44,15.564,277,1
2014,06,23,16,44,15.564,51874,0
2014,06,23,16,44,15.564,51974,0
2014,06,23,16,44,16.050,275,1
2014,06,23,16,44,16.050,52175,1
2014,06,23,16,44,16.050,52275,1
2014,06,23,16,44,16.050,52375,0
2014,06,23,16,44,16.050,52475,0
2014,06,23,16,44,16.533,52576,0
2014,06,23,16,44,16.533,52674,0
2014,06,23,16,44,16.533,276,1
2014,06,23,16,44,16.533,52874,0
2014,06,23,16,44,16.533,52974,0
2014,06,23,16,44,17.033,277,1
2014,06,23,16,44,17.033,53174,1
2014,06,23,16,44,17.033,53274,1
2014,06,23,16,44,17.033,53374,0
2014,06,23,16,44,17.033,276,1
2014,06,23,16,44,17.512,53575,0
2014,06,23,16,44,17.512,53675,0
2014,06,23,16,44,17.512,53775,0
2014,06,23,16,44,17.512,275,1
2014,06,23,16,44,17.512,53975,1
2014,06,23,16,44,18.001,54076,1
2014,06,23,16,44,18.001,54174,0
2014,06,23,16,44,18.001,54274,0
2014,06,23,16,44,18.001,54374,0
2014,06,23,16,44,18.001,54474,0
2014,06,23,16,44,18.496,275,1
2014,06,23,16,44,18.496,54675,1
2014,06,23,16,44,18.496,54775,0
2014,06,23,16,44,18.496,54875,0
2014,06,23,16,44,18.496,275,1
2014,06,23,16,44,18.981,55076,0
2014,06,23,16,44,18.981,277,1
2014,06,23,16,44,18.981,55274,1
2014,06,23,16,44,18.981,55374,1
2014,06,23,16,44,18.981,55474,1
2014,06,23,16,44,19.468,55575,1
2014,06,23,16,44,19.468,55675,1
2014,06,23,16,44,19.468,55775,1
2014,06,23,16,44,19.468,55874,1
2014,06,23,16,44,19.468,55974,1
2014,06,23,16,44,19.958,56075,0
2014,06,23,16,44,19.958,274,1
2014,06,23,16,44,19.958,56275,0
2014,06,23,16,44,19.958,276,1
2014,06,23,16,44,19.958,56475,1
2014,06,23,16,44,20.447,56576,0
2014,06,23,16,44,20.447,276,1
2014,06,23,16,44,20.447,56774,0
2014,06,23,16,44,20.447,56874,0
2014,06,23,16,44,20.447,274,1
2014,06,23,16,44,20.930,57075,0
2014,06,23,16,44,20.930,277,1
2014,06,23,16,44,20.930,57275,1
2014,06,23,16,44,20.930,57375,1
2014,06,23,16,44,20.930,57475,0
2014,06,23,16,44,21.417,57576,0
2014,06,23,16,44,21.417,277,1
2014,06,23,16,44,21.417,57774,0
2014,06,23,16,44,21.417,277,1
2014,06,23,16,44,21.417,57974,1
2014,06,23,16,44,21.909,58075,0
2014,06,23,16,44,21.909,58175,0
2014,06,23,16,44,21.909,58275,0
2014,06,23,16,44,21.909,58375,0
2014,06,23,16,44,21.909,58475,0
2014,06,23,16,44,22.393,276,1
2014,06,23,16,44,22.393,58675,1
2014,06,23,16,44,22.393,58775,0
2014,06,23,16,44,22.393,274,1
2014,06,23,16,44,22.393,58975,1
2014,06,23,16,44,22.884,59076,0
2014,06,23,16,44,22.884,59174,0
2014,06,23,16,44,22.884,275,1
2014,06,23,16,44,22.884,59374,0
2014,06,23,16,44,22.884,59474,0
2014,06,23,16,44,23.377,59575,0
2014,06,23,16,44,23.377,277,1
2014,06,23,16,44,23.377,59775,0
2014,06,23,16,44,23.377,59875,1
2014,06,23,16,44,23.377,59975,0
2014,06,23,16,44,23.862,275,1
2014,06,23,16,44,23.862,60174,1
2014,06,23,16,44,23.862,60274,0
2014,06,23,16,44,23.862,276,1
2014,06,23,16,44,23.862,60474,1
2014,06,23,16,44,24.345,60575,1
2014,06,23,16,44,24.345,60675,0
2014,06,23,16,44,24.345,275,1
2014,06,23,16,44,24.345,60875,0
2014,06,23,16,44,24.345,60975,0
2014,06,23,16,44,24.836,61076,0
2014,06,23,16,44,24.836,274,1
2014,06,23,16,44,24.836,61274,1
2014,06,23,16,44,24.836,61374,1
2014,06,23,16,44,24.836,61474,0
2014,06,23,16,44,25.322,276,1
2014,06,23,16,44,25.322,61674,0
2014,06,23,16,44,25.322,275,1
2014,06,23,16,44,25.322,61874,0
2014,06,23,16,44,25.322,276,1
2014,06,23,16,44,25.816,62075,0
2014,06,23,16,44,25.816,62175,0
2014,06,23,16,44,25.816,276,1
2014,06,23,16,44,25.816,62375,0
2014,06,23,16,44,25.816,62475,0
2014,06,23,16,44,26.300,62576,0
2014,06,23,16,44,26.300,62674,0
2014,06,23,16,44,26.300,274,1
2014,06,23,16,44,26.300,62874,0
2014,06,23,16,44,26.300,275,1
2014,06,23,16,44,26.787,63075,1
2014,06,23,16,44,26.787,63175,1
2014,06,23,16,44,26.787,63275,0
2014,06,23,16,44,26.787,276,1
2014,06,23,16,44,26.787,63475,0
2014,06,23,16,44,27.280,63576,0
2014,06,23,16,44,27.280,63674,0
2014,06,23,16,44,27.280,63774,0
2014,06,23,16,44,27.280,63874,0
2014,06,23,16,44,27.280,63974,0
2014,06,23,16,44,27.768,64075,0
2014,06,23,16,44,27.768,64175,0
2014,06,23,16,44,27.768,277,1
2014,06,23,16,44,27.768,64374,0
2014,06,23,16,44,27.768,277,1
2014,06,23,16,44,28.259,64575,1
2014,06,23,16,44,28.259,64675,1
2014,06,23,16,44,28.259,64775,1
2014,06,23,16,44,28.259,64875,0
2014,06,23,16,44,28.259,276,1
2014,06,23,16,44,28.742,65076,1
2014,06,23,16,44,28.742,65174,0
2014,06,23,16,44,28.742,65274,0
2014,06,23,16,44,28.742,65374,0
2014,06,23,16,44,28.742,65474,0
2014,06,23,16,44,29.231,39,0
2014,06,23,16,44,29.231,275,1
2014,06,23,16,44,29.231,239,1
2014,06,23,16,44,29.231,339,0
2014,06,23,16,44,29.231,439,0
2014,06,23,16,44,29.718,540,0
2014,06,23,16,44,29.718,277,1
2014,06,23,16,44,29.718,738,1
2014,06,23,16,44,29.718,838,1
2014,06,23,16,44,29.718,938,0
2014,06,23,16,44,30.212,275,1
2014,06,23,16,44,30.212,1139,1
2014,06,23,16,44,30.212,1239,0
2014,06,23,16,44,30.212,1339,0
2014,06,23,16,44,30.212,275,1
2014,06,23,16,44,30.693,1540,1
2014,06,23,16,44,30.693,1639,1
2014,06,23,16,44,30.693,1739,0
2014,06,23,16,44,30.693,274,1
2014,06,23,16,44,30.693,1939,1
2014,06,23,16,44,31.183,2040,1
2014,06,23,16,44,31.183,2138,1
2014,06,23,16,44,31.183,2238,1
2014,06,23,16,44,31.183,2338,1
2014,06,23,16,44,31.183,2438,0
2014,06,23,16,44,31.674,2539,0
2014,06,23,16,44,31.674,2639,0
2014,06,23,16,44,31.674,277,1
2014,06,23,16,44,31.674,2839,1
2014,06,23,16,44,31.674,2939,0
2014,06,23,16,44,32.158,3040,0
2014,06,23,16,44,32.158,274,1
2014,06,23,16,44,32.158,3238,1
2014,06,23,16,44,32.158,3338,0
2014,06,23,16,44,32.158,3438,0
2014,06,23,16,44,32.649,277,1
2014,06,23,16,44,32.649,3639,0
2014,06,23,16,44,32.649,275,1
2014,06,23,16,44,32.649,3839,1
2014,06,23,16,44,32.649,3939,1
2014,06,23,16,44,33.143,4040,1
2014,06,23,16,44,33.143,4138,0
2014,06,23,16,44,33.143,4238,0
2014,06,23,16,44,33.143,274,1
2014,06,23,16,44,33.143,4439,0
2014,06,23,16,44,33.631,4540,0
2014,06,23,16,44,33.631,4638,0
2014,06,23,16,44,33.631,4738,0
2014,06,23,16,44,33.631,4838,0
2014,06,23,16,44,33.631,4938,0
2014,06,23,16,44,34.115,5039,0
2014,06,23,16,44,34.115,275,1
2014,06,23,16,44,34.115,5239,1
2014,06,23,16,44,34.115,5339,0
2014,06,23,16,44,34.115,5439,0
2014,06,23,16,44,34.602,276,1
2014,06,23,16,44,34.602,5638,1
2014,06,23,16,44,34.602,5738,0
2014,06,23,16,44,34.602,5838,0
2014,06,23,16,44,34.602,275,1
2014,06,23,16,44,35.093,6039,0
2014,06,23,16,44,35.093,277,1
2014,06,23,16,44,35.093,6239,0
2014,06,23,16,44,35.093,275,1
2014,06,23,16,44,35.093,6439,1
2014,06,23,16,44,35.577,6540,0
2014,06,23,16,44,35.577,6638,0
2014,06,23,16,44,35.577,277,1
2014,06,23,16,44,35.577,6838,1
2014,06,23,16,44,35.577,6938,0
2014,06,23,16,44,36.070,7039,0
2014,06,23,16,44,36.070,276,1
2014,06,23,16,44,36.070,7239,0
2014,06,23,16,44,36.070,7338,0
2014,06,23,16,44,36.070,7438,0
2014,06,23,16,44,36.552,276,1
2014,06,23,16,44,36.552,7639,1
2014,06,23,16,44,36.552,7739,0
2014,06,23,16,44,36.552,7839,0
2014,06,23,16,44,36.552,277,1
2014,06,23,16,44,37.048,8040,1
2014,06,23,16,44,37.048,8138,1
2014,06,23,16,44,37.048,8238,0
2014,06,23,16,44,37.048,275,1
2014,06,23,16,44,37.048,8438,0
2014,06,23,16,44,37.529,8539,0
2014,06,23,16,44,37.529,8639,0
2014,06,23,16,44,37.529,8739,0
2014,06,23,16,44,37.529,275,1
2014,06,23,16,44,37.529,8939,1
2014,06,23,16,44,38.025,9040,0
2014,06,23,16,44,38.025,9138,0
2014,06,23,16,44,38.025,9238,0
2014,06,23,16,44,38.025,276,1
2014,06,23,16,44,38.025,9438,0
2014,06,23,16,44,38.510,275,1
2014,06,23,16,44,38.510,9639,0
2014,06,23,16,44,38.510,9739,0
2014,06,23,16,44,38.510,9839,0
2014,06,23,16,44,38.510,9939,0
2014,06,23,16,44,38.999,277,1
2014,06,23,16,44,38.999,10139,0
2014,06,23,16,44,38.999,10239,0
2014,06,23,16,44,38.999,10339,0
2014,06,23,16,44,38.999,277,1
2014,06,23,16,44,39.492,10540,1
2014,06,23,16,44,39.492,10638,0
2014,06,23,16,44,39.492,10738,0
2014,06,23,16,44,39.492,10838,0
2014,06,23,16,44,39.492,10938,0
2014,06,23,16,44,39.979,11039,0
2014,06,23,16,44,39.979,275,1
2014,06,23,16,44,39.979,11239,1
2014,06,23,16,44,39.979,11339,1
2014,06,23,16,44,39.979,11439,1
2014,06,23,16,44,40.463,11540,0
2014,06,23,16,44,40.463,275,1
2014,06,23,16,44,40.463,11738,0
2014,06,23,16,44,40.463,11838,0
2014,06,23,16,44,40.463,277,1
2014,06,23,16,44,40.954,12039,1
2014,06,23,16,44,40.954,12139,1
2014,06,23,16,44,40.954,12239,1
2014,06,23,16,44,40.954,12339,0
2014,06,23,16,44,40.954,12439,0
2014,06,23,16,44,41.442,12540,0
2014,06,23,16,44,41.442,276,1
2014,06,23,16,44,41.442,12738,0
2014,06,23,16,44,41.442,12838,0
2014,06,23,16,44,41.442,12939,0
2014,06,23,16,44,41.924,13040,0
2014,06,23,16,44,41.924,13138,0
2014,06,23,16,44,41.924,13238,0
2014,06,23,16,44,41.924,274,1
2014,06,23,16,44,41.924,13438,1
2014,06,23,16,44,42.419,13539,0
2014,06,23,16,44,42.419,13639,0
2014,06,23,16,44,42.419,275,1
2014,06,23,16,44,42.419,13839,1
2014,06,23,16,44,42.419,13939,1
2014,06,23,16,44,42.901,14040,1
2014,06,23,16,44,42.901,14138,1
2014,06,23,16,44,42.901,14238,0
2014,06,23,16,44,42.901,276,1
2014,06,23,16,44,42.901,14438,1
2014,06,23,16,44,43.394,14539,0
2014,06,23,16,44,43.394,14639,0
2014,06,23,16,44,43.394,275,1
2014,06,23,16,44,43.394,14839,0
2014,06,23,16,44,43.394,14939,0
2014,06,23,16,44,43.882,15040,0
2014,06,23,16,44,43.882,15138,0
2014,06,23,16,44,43.882,275,1
2014,06,23,16,44,43.882,15338,1
2014,06,23,16,44,43.882,15438,1
2014,06,23,16,44,44.367,15539,0
2014,06,23,16,44,44.367,276,1
2014,06,23,16,44,44.367,15738,1
2014,06,23,16,44,44.367,15838,1
2014,06,23,16,44,44.367,15938,1
2014,06,23,16,44,44.857,16039,1
2014,06,23,16,44,44.857,16139,1
2014,06,23,16,44,44.857,16239,1
2014,06,23,16,44,44.857,16339,0
2014,06,23,16,44,44.857,16439,0
2014,06,23,16,44,45.352,16540,0
2014,06,23,16,44,45.352,276,1
2014,06,23,16,44,45.352,16738,1
2014,06,23,16,44,45.352,16838,0
2014,06,23,16,44,45.352,277,1
2014,06,23,16,44,45.830,17039,1
2014,06,23,16,44,45.830,17139,0
2014,06,23,16,44,45.830,17239,0
2014,06,23,16,44,45.830,275,1
2014,06,23,16,44,45.830,17439,0
2014,06,23,16,44,46.325,17540,0
2014,06,23,16,44,46.325,275,1
2014,06,23,16,44,46.325,17738,1
2014,06,23,16,44,46.325,17838,1
2014,06,23,16,44,46.325,17938,1
2014,06,23,16,44,46.813,18039,0
2014,06,23,16,44,46.813,18139,0
2014,06,23,16,44,46.813,276,1
2014,06,23,16,44,46.813,18339,0
2014,06,23,16,44,46.813,18439,0
2014,06,23,16,44,47.304,18540,0
2014,06,23,16,44,47.304,18639,0
2014,06,23,16,44,47.304,18739,0
2014,06,23,16,44,47.304,275,1
2014,06,23,16,44,47.304,18939,1
2014,06,23,16,44,47.786,19040,1
2014,06,23,16,44,47.786,19138,1
2014,06,23,16,44,47.786,19238,0
2014,06,23,16,44,47.786,19338,0
2014,06,23,16,44,47.786,276,1
2014,06,23,16,44,48.273,19539,0
2014,06,23,16,44,48.273,276,1
2014,06,23,16,44,48.273,19739,1
2014,06,23,16,44,48.273,19839,1
2014,06,23,16,44,48.273,19939,1
2014,06,23,16,44,48.761,20040,0
2014,06,23,16,44,48.761,20138,0
2014,06,23,16,44,48.761,20238,0
2014,06,23,16,44,48.761,275,1
2014,06,23,16,44,48.761,20438,0
2014,06,23,16,44,49.250,20539,0
2014,06,23,16,44,49.250,20639,0
2014,06,23,16,44,49.250,20739,0
2014,06,23,16,44,49.250,20839,0
2014,06,23,16,44,49.250,20939,0
2014,06,23,16,44,49.741,21040,0
2014,06,23,16,44,49.741,21138,0
2014,06,23,16,44,49.741,21238,0
2014,06,23,16,44,49.741,21338,0
2014,06,23,16,44,49.741,21439,0
2014,06,23,16,44,50.231,21540,0
2014,06,23,16,44,50.231,21638,0
2014,06,23,16,44,50.231,21738,0
2014,06,23,16,44,50.231,21838,0
2014,06,23,16,44,50.231,21938,0
2014,06,23,16,44,50.714,22039,0
2014,06,23,16,44,50.714,22139,0
2014,06,23,16,44,50.714,22239,0
2014,06,23,16,44,50.714,22339,0
2014,06,23,16,44,50.714,22439,0
