2014,06,10,18,17,11.066,231,110
2014,06,10,18,17,11.066,230,210
2014,06,10,18,17,11.066,232,310
2014,06,10,18,17,11.066,230,410
2014,06,10,18,17,11.066,231,510
2014,06,10,18,17,11.535,231,611
2014,06,10,18,17,11.535,231,711
2014,06,10,18,17,11.535,231,811
2014,06,10,18,17,11.535,232,911
2014,06,10,18,17,11.535,231,1011
2014,06,10,18,17,12.025,230,1112
2014,06,10,18,17,12.025,231,1210
2014,06,10,18,17,12.025,231,1310
2014,06,10,18,17,12.025,231,1410
2014,06,10,18,17,12.025,231,1510
2014,06,10,18,17,12.512,232,1611
2014,06,10,18,17,12.512,231,1711
2014,06,10,18,17,12.512,231,1811
2014,06,10,18,17,12.512,232,1911
2014,06,10,18,17,12.512,232,2011
2014,06,10,18,17,13.005,229,2112
2014,06,10,18,17,13.005,232,2210
2014,06,10,18,17,13.005,231,2310
2014,06,10,18,17,13.005,232,2410
2014,06,10,18,17,13.005,231,2510
2014,06,10,18,17,13.488,232,2611
2014,06,10,18,17,13.488,232,2711
2014,06,10,18,17,13.488,232,2811
2014,06,10,18,17,13.488,232,2911
2014,06,10,18,17,13.488,232,3011
2014,06,10,18,17,13.981,231,3112
2014,06,10,18,17,13.981,230,3210
2014,06,10,18,17,13.981,231,3310
2014,06,10,18,17,13.981,231,3410
2014,06,10,18,17,13.981,231,3510
2014,06,10,18,17,14.470,232,3611
2014,06,10,18,17,14.470,233,3711
2014,06,10,18,17,14.470,239,1
2014,06,10,18,17,14.470,239,1
2014,06,10,18,17,14.470,239,1
2014,06,10,18,17,14.951,232,0
2014,06,10,18,17,14.951,231,0
2014,06,10,18,17,14.951,230,0
2014,06,10,18,17,14.951,230,0
2014,06,10,18,17,14.951,229,0
2014,06,10,18,17,15.446,239,1
2014,06,10,18,17,15.446,238,1
2014,06,10,18,17,15.446,240,1
2014,06,10,18,17,15.446,230,0
2014,06,10,18,17,15.446,239,1
2014,06,10,18,17,15.927,239,1
2014,06,10,18,17,15.927,231,0
2014,06,10,18,17,15.927,231,0
2014,06,10,18,17,15.927,231,0
2014,06,10,18,17,15.927,238,1
2014,06,10,18,17,16.420,239,1
2014,06,10,18,17,16.420,232,0
2014,06,10,18,17,16.420,238,1
2014,06,10,18,17,16.420,238,1
2014,06,10,18,17,16.420,239,1
2014,06,10,18,17,16.909,238,1
2014,06,10,18,17,16.909,238,1
2014,06,10,18,17,16.909,239,1
2014,06,10,18,17,16.909,240,1
2014,06,10,18,17,16.909,239,1
2014,06,10,18,17,17.396,232,0
2014,06,10,18,17,17.396,231,0
2014,06,10,18,17,17.396,231,0
2014,06,10,18,17,17.396,230,0
2014,06,10,18,17,17.396,230,0
2014,06,10,18,17,17.880,239,1
2014,06,10,18,17,17.880,230,0
2014,06,10,18,17,17.880,230,0
2014,06,10,18,17,17.880,231,0
2014,06,10,18,17,17.880,232,0
2014,06,10,18,17,18.378,231,0
2014,06,10,18,17,18.378,240,1
2014,06,10,18,17,18.378,232,0
2014,06,10,18,17,18.378,231,0
2014,06,10,18,17,18.378,232,0
2014,06,10,18,17,18.858,231,0
2014,06,10,18,17,18.858,231,0
2014,06,10,18,17,18.858,239,1
2014,06,10,18,17,18.858,240,1
2014,06,10,18,17,18.858,239,1
2014,06,10,18,17,19.350,238,1
2014,06,10,18,17,19.350,239,1
2014,06,10,18,17,19.350,232,0
2014,06,10,18,17,19.350,238,1
2014,06,10,18,17,19.350,239,1
2014,06,10,18,17,19.841,239,1
2014,06,10,18,17,19.841,240,1
2014,06,10,18,17,19.841,239,1
2014,06,10,18,17,19.841,231,0
2014,06,10,18,17,19.841,240,1
2014,06,10,18,17,20.321,239,1
2014,06,10,18,17,20.321,232,0
2014,06,10,18,17,20.321,232,0
2014,06,10,18,17,20.321,233,0
2014,06,10,18,17,20.321,231,0
2014,06,10,18,17,20.817,232,0
2014,06,10,18,17,20.817,231,0
2014,06,10,18,17,20.817,239,1
2014,06,10,18,17,20.817,239,1
2014,06,10,18,17,20.817,238,1
2014,06,10,18,17,21.306,239,1
2014,06,10,18,17,21.306,239,1
2014,06,10,18,17,21.306,238,1
2014,06,10,18,17,21.306,239,1
2014,06,10,18,17,21.306,239,1
2014,06,10,18,17,21.794,232,0
2014,06,10,18,17,21.794,237,1
2014,06,10,18,17,21.794,239,1
2014,06,10,18,17,21.794,231,0
2014,06,10,18,17,21.794,238,1
2014,06,10,18,17,22.281,238,1
2014,06,10,18,17,22.281,231,0
2014,06,10,18,17,22.281,232,0
2014,06,10,18,17,22.281,240,1
2014,06,10,18,17,22.281,240,1
2014,06,10,18,17,22.768,240,1
2014,06,10,18,17,22.768,232,0
2014,06,10,18,17,22.768,238,1
2014,06,10,18,17,22.768,239,1
2014,06,10,18,17,22.768,231,0
2014,06,10,18,17,23.256,233,0
2014,06,10,18,17,23.256,232,0
2014,06,10,18,17,23.256,239,1
2014,06,10,18,17,23.256,233,0
2014,06,10,18,17,23.256,231,0
2014,06,10,18,17,23.740,231,0
2014,06,10,18,17,23.740,231,0
2014,06,10,18,17,23.740,230,0
2014,06,10,18,17,23.740,238,1
2014,06,10,18,17,23.740,239,1
2014,06,10,18,17,24.241,233,0
2014,06,10,18,17,24.241,232,0
2014,06,10,18,17,24.241,231,0
2014,06,10,18,17,24.241,239,1
2014,06,10,18,17,24.241,239,1
2014,06,10,18,17,24.717,237,1
2014,06,10,18,17,24.717,239,1
2014,06,10,18,17,24.717,238,1
2014,06,10,18,17,24.717,240,1
2014,06,10,18,17,24.717,239,1
2014,06,10,18,17,25.207,237,1
2014,06,10,18,17,25.207,238,1
2014,06,10,18,17,25.207,232,0
2014,06,10,18,17,25.207,231,0
2014,06,10,18,17,25.207,232,0
2014,06,10,18,17,25.701,233,0
2014,06,10,18,17,25.701,230,0
2014,06,10,18,17,25.701,232,0
2014,06,10,18,17,25.701,231,0
2014,06,10,18,17,25.701,233,0
2014,06,10,18,17,26.183,231,0
2014,06,10,18,17,26.183,237,1
2014,06,10,18,17,26.183,239,1
2014,06,10,18,17,26.183,232,0
2014,06,10,18,17,26.183,231,0
2014,06,10,18,17,26.672,231,0
2014,06,10,18,17,26.672,232,0
2014,06,10,18,17,26.672,231,0
2014,06,10,18,17,26.672,233,0
2014,06,10,18,17,26.672,232,0
2014,06,10,18,17,27.165,232,0
2014,06,10,18,17,27.165,239,1
2014,06,10,18,17,27.165,240,1
2014,06,10,18,17,27.165,240,1
2014,06,10,18,17,27.165,239,1
2014,06,10,18,17,27.652,240,1
2014,06,10,18,17,27.652,238,1
2014,06,10,18,17,27.652,238,1
2014,06,10,18,17,27.652,238,1
2014,06,10,18,17,27.652,240,1
2014,06,10,18,17,28.141,232,0
2014,06,10,18,17,28.141,231,0
2014,06,10,18,17,28.141,233,0
2014,06,10,18,17,28.141,240,1
2014,06,10,18,17,28.141,237,0
2014,06,10,18,17,28.625,238,1
2014,06,10,18,17,28.625,238,1
2014,06,10,18,17,28.625,240,1
2014,06,10,18,17,28.625,237,0
2014,06,10,18,17,28.625,239,1
2014,06,10,18,17,29.111,238,1
2014,06,10,18,17,29.111,239,1
2014,06,10,18,17,29.111,232,0
2014,06,10,18,17,29.111,232,0
2014,06,10,18,17,29.111,239,1
2014,06,10,18,17,29.601,239,1
2014,06,10,18,17,29.601,240,1
2014,06,10,18,17,29.601,230,0
2014,06,10,18,17,29.601,238,1
2014,06,10,18,17,29.601,239,1
2014,06,10,18,17,30.092,231,0
2014,06,10,18,17,30.092,231,0
2014,06,10,18,17,30.092,230,0
2014,06,10,18,17,30.092,231,0
2014,06,10,18,17,30.092,233,0
2014,06,10,18,17,30.584,232,0
2014,06,10,18,17,30.584,230,0
2014,06,10,18,17,30.584,231,0
2014,06,10,18,17,30.584,237,1
2014,06,10,18,17,30.584,232,0
2014,06,10,18,17,31.069,232,0
2014,06,10,18,17,31.069,232,0
2014,06,10,18,17,31.069,240,1
2014,06,10,18,17,31.069,239,1
2014,06,10,18,17,31.069,230,0
2014,06,10,18,17,31.556,231,0
2014,06,10,18,17,31.556,238,1
2014,06,10,18,17,31.556,230,0
2014,06,10,18,17,31.556,231,0
2014,06,10,18,17,31.556,231,0
2014,06,10,18,17,32.044,238,1
2014,06,10,18,17,32.044,238,1
2014,06,10,18,17,32.044,239,1
2014,06,10,18,17,32.044,231,0
2014,06,10,18,17,32.044,231,0
2014,06,10,18,17,32.534,240,1
2014,06,10,18,17,32.534,232,0
2014,06,10,18,17,32.534,231,0
2014,06,10,18,17,32.534,232,0
2014,06,10,18,17,32.534,232,0
2014,06,10,18,17,33.025,231,0
2014,06,10,18,17,33.025,240,1
2014,06,10,18,17,33.025,240,1
2014,06,10,18,17,33.025,240,1
2014,06,10,18,17,33.025,239,1
2014,06,10,18,17,33.504,240,1
2014,06,10,18,17,33.504,232,0
2014,06,10,18,17,33.504,238,1
2014,06,10,18,17,33.504,240,1
2014,06,10,18,17,33.504,240,1
2014,06,10,18,17,33.997,230,0
2014,06,10,18,17,33.997,231,0
2014,06,10,18,17,33.997,240,1
2014,06,10,18,17,33.997,239,1
2014,06,10,18,17,33.997,239,1
2014,06,10,18,17,34.480,232,0
2014,06,10,18,17,34.480,230,0
2014,06,10,18,17,34.480,239,1
2014,06,10,18,17,34.480,240,1
2014,06,10,18,17,34.480,239,1
2014,06,10,18,17,34.975,232,0
2014,06,10,18,17,34.975,239,1
2014,06,10,18,17,34.975,240,1
2014,06,10,18,17,34.975,231,0
2014,06,10,18,17,34.975,231,0
2014,06,10,18,17,35.456,232,0
2014,06,10,18,17,35.456,238,1
2014,06,10,18,17,35.456,231,0
2014,06,10,18,17,35.456,231,0
2014,06,10,18,17,35.456,239,1
2014,06,10,18,17,35.948,241,1
2014,06,10,18,17,35.948,238,1
2014,06,10,18,17,35.948,237,1
2014,06,10,18,17,35.948,239,1
2014,06,10,18,17,35.948,231,0
2014,06,10,18,17,36.434,231,0
2014,06,10,18,17,36.434,232,0
2014,06,10,18,17,36.434,232,0
2014,06,10,18,17,36.434,232,0
2014,06,10,18,17,36.434,232,0
2014,06,10,18,17,36.926,241,1
2014,06,10,18,17,36.926,239,1
2014,06,10,18,17,36.926,239,1
2014,06,10,18,17,36.926,231,0
2014,06,10,18,17,36.926,238,1
2014,06,10,18,17,37.411,238,1
2014,06,10,18,17,37.411,237,1
2014,06,10,18,17,37.411,231,0
2014,06,10,18,17,37.411,231,0
2014,06,10,18,17,37.411,239,1
2014,06,10,18,17,37.906,238,1
2014,06,10,18,17,37.906,233,0
2014,06,10,18,17,37.906,230,0
2014,06,10,18,17,37.906,232,0
2014,06,10,18,17,37.906,240,1
2014,06,10,18,17,38.387,241,1
2014,06,10,18,17,38.387,238,1
2014,06,10,18,17,38.387,239,1
2014,06,10,18,17,38.387,239,1
2014,06,10,18,17,38.387,239,1
2014,06,10,18,17,38.877,230,0
2014,06,10,18,17,38.877,233,0
2014,06,10,18,17,38.877,231,0
2014,06,10,18,17,38.877,239,1
2014,06,10,18,17,38.877,240,1
2014,06,10,18,17,39.374,240,1
2014,06,10,18,17,39.374,231,0
2014,06,10,18,17,39.374,231,0
2014,06,10,18,17,39.374,238,1
2014,06,10,18,17,39.374,239,1
2014,06,10,18,17,39.863,240,1
2014,06,10,18,17,39.863,232,0
2014,06,10,18,17,39.863,239,1
2014,06,10,18,17,39.863,239,1
2014,06,10,18,17,39.863,232,0
2014,06,10,18,17,40.346,232,0
2014,06,10,18,17,40.346,232,0
2014,06,10,18,17,40.346,239,1
2014,06,10,18,17,40.346,232,0
2014,06,10,18,17,40.346,232,0
2014,06,10,18,17,40.832,238,1
2014,06,10,18,17,40.832,239,1
2014,06,10,18,17,40.832,232,0
2014,06,10,18,17,40.832,233,0
2014,06,10,18,17,40.832,231,0
2014,06,10,18,17,41.318,239,1
2014,06,10,18,17,41.318,231,0
2014,06,10,18,17,41.318,232,0
2014,06,10,18,17,41.318,233,0
2014,06,10,18,17,41.318,240,1
2014,06,10,18,17,41.813,239,1
2014,06,10,18,17,41.813,241,1
2014,06,10,18,17,41.813,239,1
2014,06,10,18,17,41.813,240,1
2014,06,10,18,17,41.813,239,1
2014,06,10,18,17,42.300,239,1
2014,06,10,18,17,42.300,239,1
2014,06,10,18,17,42.300,239,1
2014,06,10,18,17,42.300,239,1
2014,06,10,18,17,42.300,232,0
2014,06,10,18,17,42.786,234,0
2014,06,10,18,17,42.786,232,0
2014,06,10,18,17,42.786,233,0
2014,06,10,18,17,42.786,232,0
2014,06,10,18,17,42.786,231,0
2014,06,10,18,17,43.270,238,1
2014,06,10,18,17,43.270,230,0
2014,06,10,18,17,43.270,231,0
2014,06,10,18,17,43.270,231,0
2014,06,10,18,17,43.270,231,0
2014,06,10,18,17,43.760,231,0
2014,06,10,18,17,43.760,231,0
2014,06,10,18,17,43.760,231,0
2014,06,10,18,17,43.760,239,1
2014,06,10,18,17,43.760,240,1
2014,06,10,18,17,44.745,239,1
2014,06,10,18,17,44.745,237,1
2014,06,10,18,17,44.745,231,0
2014,06,10,18,17,44.745,231,0
2014,06,10,18,17,44.745,232,0
2014,06,10,18,17,45.226,241,1
2014,06,10,18,17,45.226,238,0
2014,06,10,18,17,45.226,238,0
2014,06,10,18,17,45.226,240,1
2014,06,10,18,17,45.226,238,0
2014,06,10,18,17,45.711,240,1
2014,06,10,18,17,45.711,232,0
2014,06,10,18,17,45.711,233,0
2014,06,10,18,17,45.711,231,0
2014,06,10,18,17,45.711,231,0
2014,06,10,18,17,46.205,233,0
2014,06,10,18,17,46.205,240,1
2014,06,10,18,17,46.205,239,1
2014,06,10,18,17,46.205,238,1
2014,06,10,18,17,46.205,231,0
2014,06,10,18,17,46.687,233,0
2014,06,10,18,17,46.687,233,0
2014,06,10,18,17,46.687,234,0
2014,06,10,18,17,46.687,232,0
2014,06,10,18,17,46.687,232,0
2014,06,10,18,17,47.177,239,1
2014,06,10,18,17,47.177,240,1
2014,06,10,18,17,47.177,239,1
2014,06,10,18,17,47.177,239,1
2014,06,10,18,17,47.177,238,1
2014,06,10,18,17,47.670,241,1
2014,06,10,18,17,47.670,232,0
2014,06,10,18,17,47.670,232,0
2014,06,10,18,17,47.670,240,1
2014,06,10,18,17,47.670,231,0
2014,06,10,18,17,48.154,231,0
2014,06,10,18,17,48.154,238,1
2014,06,10,18,17,48.154,234,0
2014,06,10,18,17,48.154,232,0
2014,06,10,18,17,48.154,232,0
2014,06,10,18,17,48.644,231,0
2014,06,10,18,17,48.644,239,1
2014,06,10,18,17,48.644,238,1
2014,06,10,18,17,48.644,240,1
2014,06,10,18,17,48.644,233,0
2014,06,10,18,17,49.132,240,1
2014,06,10,18,17,49.132,239,1
2014,06,10,18,17,49.132,232,0
2014,06,10,18,17,49.132,233,0
2014,06,10,18,17,49.132,233,0
2014,06,10,18,17,49.622,232,0
2014,06,10,18,17,49.622,239,1
2014,06,10,18,17,49.622,238,1
2014,06,10,18,17,49.622,240,1
2014,06,10,18,17,49.622,240,1
2014,06,10,18,17,50.108,237,1
2014,06,10,18,17,50.108,232,0
2014,06,10,18,17,50.108,232,0
2014,06,10,18,17,50.108,239,1
2014,06,10,18,17,50.108,231,0
2014,06,10,18,17,50.597,232,0
2014,06,10,18,17,50.597,232,0
2014,06,10,18,17,50.597,238,1
2014,06,10,18,17,50.597,239,1
2014,06,10,18,17,50.597,240,1
2014,06,10,18,17,51.084,239,1
2014,06,10,18,17,51.084,239,1
2014,06,10,18,17,51.084,239,1
2014,06,10,18,17,51.084,240,1
2014,06,10,18,17,51.084,240,1
2014,06,10,18,17,51.578,240,1
2014,06,10,18,17,51.578,239,1
2014,06,10,18,17,51.578,231,0
2014,06,10,18,17,51.578,239,1
2014,06,10,18,17,51.578,239,1
2014,06,10,18,17,52.067,239,1
2014,06,10,18,17,52.067,231,0
2014,06,10,18,17,52.067,231,0
2014,06,10,18,17,52.067,239,1
2014,06,10,18,17,52.067,239,1
2014,06,10,18,17,52.554,240,1
2014,06,10,18,17,52.554,232,0
2014,06,10,18,17,52.554,240,1
2014,06,10,18,17,52.554,239,1
2014,06,10,18,17,52.554,232,0
2014,06,10,18,17,53.038,234,0
2014,06,10,18,17,53.038,238,1
2014,06,10,18,17,53.038,240,1
2014,06,10,18,17,53.038,238,1
2014,06,10,18,17,53.038,231,0
2014,06,10,18,17,53.526,232,0
2014,06,10,18,17,53.526,232,0
2014,06,10,18,17,53.526,239,1
2014,06,10,18,17,53.526,238,1
2014,06,10,18,17,53.526,240,1
2014,06,10,18,17,54.015,239,1
2014,06,10,18,17,54.015,240,1
2014,06,10,18,17,54.015,239,1
2014,06,10,18,17,54.015,240,1
2014,06,10,18,17,54.015,240,1
2014,06,10,18,17,54.508,239,1
2014,06,10,18,17,54.508,239,1
2014,06,10,18,17,54.508,239,1
2014,06,10,18,17,54.508,238,1
2014,06,10,18,17,54.508,231,0
2014,06,10,18,17,54.994,230,0
2014,06,10,18,17,54.994,238,1
2014,06,10,18,17,54.994,232,0
2014,06,10,18,17,54.994,230,0
2014,06,10,18,17,54.994,231,0
2014,06,10,18,17,55.479,233,0
2014,06,10,18,17,55.479,231,0
2014,06,10,18,17,55.479,232,0
2014,06,10,18,17,55.479,232,0
2014,06,10,18,17,55.479,231,0
2014,06,10,18,17,55.965,232,0
2014,06,10,18,17,55.965,241,1
2014,06,10,18,17,55.965,239,1
2014,06,10,18,17,55.965,240,1
2014,06,10,18,17,55.965,239,1
2014,06,10,18,17,56.456,239,1
2014,06,10,18,17,56.456,232,0
2014,06,10,18,17,56.456,232,0
2014,06,10,18,17,56.456,239,1
2014,06,10,18,17,56.456,240,1
2014,06,10,18,17,56.948,241,1
2014,06,10,18,17,56.948,232,0
2014,06,10,18,17,56.948,231,0
2014,06,10,18,17,56.948,231,0
2014,06,10,18,17,56.948,232,0
2014,06,10,18,17,57.431,233,0
2014,06,10,18,17,57.431,233,0
2014,06,10,18,17,57.431,241,1
2014,06,10,18,17,57.431,240,1
2014,06,10,18,17,57.431,241,1
2014,06,10,18,17,57.918,239,1
2014,06,10,18,17,57.918,238,0
2014,06,10,18,17,57.918,232,0
2014,06,10,18,17,57.918,239,1
2014,06,10,18,17,57.918,239,1
2014,06,10,18,17,58.411,232,0
2014,06,10,18,17,58.411,239,1
2014,06,10,18,17,58.411,240,1
2014,06,10,18,17,58.411,239,1
2014,06,10,18,17,58.411,232,0
2014,06,10,18,17,58.894,234,0
2014,06,10,18,17,58.894,231,0
2014,06,10,18,17,58.894,231,0
2014,06,10,18,17,58.894,231,0
2014,06,10,18,17,58.894,232,0
2014,06,10,18,17,59.392,232,0
2014,06,10,18,17,59.392,233,0
2014,06,10,18,17,59.392,233,0
2014,06,10,18,17,59.392,233,0
2014,06,10,18,17,59.392,232,0
2014,06,10,18,17,59.872,232,0
2014,06,10,18,17,59.872,232,0
2014,06,10,18,17,59.872,239,1
2014,06,10,18,17,59.872,233,0
2014,06,10,18,17,59.872,232,0
2014,06,10,18,18,00.368,231,0
2014,06,10,18,18,00.368,239,1
2014,06,10,18,18,00.368,241,1
2014,06,10,18,18,00.368,240,1
2014,06,10,18,18,00.368,232,0
2014,06,10,18,18,00.850,233,0
2014,06,10,18,18,00.850,231,0
2014,06,10,18,18,00.850,232,0
2014,06,10,18,18,00.850,232,0
2014,06,10,18,18,00.850,240,1
2014,06,10,18,18,01.341,239,1
2014,06,10,18,18,01.341,240,1
2014,06,10,18,18,01.341,231,0
2014,06,10,18,18,01.341,231,0
2014,06,10,18,18,01.341,232,0
2014,06,10,18,18,01.831,233,0
2014,06,10,18,18,01.831,233,0
2014,06,10,18,18,01.831,238,1
2014,06,10,18,18,01.831,232,0
2014,06,10,18,18,01.831,230,0
2014,06,10,18,18,02.313,239,1
2014,06,10,18,18,02.313,238,1
2014,06,10,18,18,02.313,239,1
2014,06,10,18,18,02.313,240,1
2014,06,10,18,18,02.313,240,1
2014,06,10,18,18,02.802,231,0
2014,06,10,18,18,02.802,240,1
2014,06,10,18,18,02.802,240,1
2014,06,10,18,18,02.802,239,1
2014,06,10,18,18,02.802,238,1
2014,06,10,18,18,03.295,240,1
2014,06,10,18,18,03.295,233,0
2014,06,10,18,18,03.295,240,1
2014,06,10,18,18,03.295,239,1
2014,06,10,18,18,03.295,232,0
2014,06,10,18,18,03.785,240,1
2014,06,10,18,18,03.785,238,1
2014,06,10,18,18,03.785,239,1
2014,06,10,18,18,03.785,232,0
2014,06,10,18,18,03.785,232,0
2014,06,10,18,18,04.268,240,1
2014,06,10,18,18,04.268,238,1
2014,06,10,18,18,04.268,239,1
2014,06,10,18,18,04.268,231,0
2014,06,10,18,18,04.268,231,0
2014,06,10,18,18,04.760,239,1
2014,06,10,18,18,04.760,231,0
2014,06,10,18,18,04.760,231,0
2014,06,10,18,18,04.760,231,0
2014,06,10,18,18,04.760,238,1
2014,06,10,18,18,05.243,241,0
2014,06,10,18,18,05.243,239,1
2014,06,10,18,18,05.243,233,0
2014,06,10,18,18,05.243,231,0
2014,06,10,18,18,05.243,238,1
2014,06,10,18,18,05.729,240,1
2014,06,10,18,18,05.729,239,1
2014,06,10,18,18,05.729,231,0
2014,06,10,18,18,05.729,231,0
2014,06,10,18,18,05.729,239,1
2014,06,10,18,18,06.224,232,0
2014,06,10,18,18,06.224,233,0
2014,06,10,18,18,06.224,231,0
2014,06,10,18,18,06.224,233,0
2014,06,10,18,18,06.224,234,0
2014,06,10,18,18,06.709,232,0
2014,06,10,18,18,06.709,239,1
2014,06,10,18,18,06.709,240,1
2014,06,10,18,18,06.709,233,0
2014,06,10,18,18,06.709,232,0
2014,06,10,18,18,07.685,239,1
2014,06,10,18,18,07.685,231,0
2014,06,10,18,18,07.685,232,0
2014,06,10,18,18,07.685,232,0
2014,06,10,18,18,07.685,232,0
2014,06,10,18,18,08.180,232,0
2014,06,10,18,18,08.180,234,0
2014,06,10,18,18,08.180,239,1
2014,06,10,18,18,08.180,232,0
2014,06,10,18,18,08.180,231,0
2014,06,10,18,18,08.663,240,1
2014,06,10,18,18,08.663,238,1
2014,06,10,18,18,08.663,239,1
2014,06,10,18,18,08.663,240,1
2014,06,10,18,18,08.663,239,1
2014,06,10,18,18,09.153,233,0
2014,06,10,18,18,09.153,239,1
2014,06,10,18,18,09.153,238,1
2014,06,10,18,18,09.153,239,1
2014,06,10,18,18,09.153,231,0
2014,06,10,18,18,09.642,232,0
2014,06,10,18,18,09.642,239,1
2014,06,10,18,18,09.642,231,0
2014,06,10,18,18,09.642,232,0
2014,06,10,18,18,09.642,238,1
2014,06,10,18,18,10.134,232,0
2014,06,10,18,18,10.134,231,0
2014,06,10,18,18,10.134,239,1
2014,06,10,18,18,10.134,239,1
2014,06,10,18,18,10.134,239,1
2014,06,10,18,18,10.616,239,1
2014,06,10,18,18,10.616,240,1
2014,06,10,18,18,10.616,239,1
2014,06,10,18,18,10.616,232,0
2014,06,10,18,18,10.616,232,0
2014,06,10,18,18,11.110,240,1
2014,06,10,18,18,11.110,231,0
2014,06,10,18,18,11.110,231,0
2014,06,10,18,18,11.110,233,0
2014,06,10,18,18,11.110,239,1
2014,06,10,18,18,11.590,239,1
2014,06,10,18,18,11.590,240,1
2014,06,10,18,18,11.590,241,1
2014,06,10,18,18,11.590,233,0
2014,06,10,18,18,11.590,232,0
2014,06,10,18,18,12.076,232,0
2014,06,10,18,18,12.076,231,0
2014,06,10,18,18,12.076,232,0
2014,06,10,18,18,12.076,231,0
2014,06,10,18,18,12.076,232,0
2014,06,10,18,18,12.566,232,0
2014,06,10,18,18,12.566,232,0
2014,06,10,18,18,12.566,239,1
2014,06,10,18,18,12.566,239,1
2014,06,10,18,18,12.566,239,1
2014,06,10,18,18,13.060,231,0
2014,06,10,18,18,13.060,238,1
2014,06,10,18,18,13.060,239,1
2014,06,10,18,18,13.060,240,1
2014,06,10,18,18,13.060,241,0
2014,06,10,18,18,13.542,232,0
2014,06,10,18,18,13.542,239,1
2014,06,10,18,18,13.542,237,1
2014,06,10,18,18,13.542,231,0
2014,06,10,18,18,13.542,232,0
2014,06,10,18,18,14.031,232,0
2014,06,10,18,18,14.031,239,1
2014,06,10,18,18,14.031,231,0
2014,06,10,18,18,14.031,233,0
2014,06,10,18,18,14.031,240,1
2014,06,10,18,18,14.525,233,0
2014,06,10,18,18,14.525,231,0
2014,06,10,18,18,14.525,232,0
2014,06,10,18,18,14.525,231,0
2014,06,10,18,18,14.525,231,0
2014,06,10,18,18,15.014,239,1
2014,06,10,18,18,15.014,240,1
2014,06,10,18,18,15.014,239,1
2014,06,10,18,18,15.014,233,0
2014,06,10,18,18,15.014,232,0
2014,06,10,18,18,15.500,232,0
2014,06,10,18,18,15.500,240,1
2014,06,10,18,18,15.500,239,1
2014,06,10,18,18,15.500,232,0
2014,06,10,18,18,15.500,239,1
2014,06,10,18,18,15.992,240,1
2014,06,10,18,18,15.992,239,1
2014,06,10,18,18,15.992,240,1
2014,06,10,18,18,15.992,239,1
2014,06,10,18,18,15.992,231,0
2014,06,10,18,18,16.470,233,0
2014,06,10,18,18,16.470,233,0
2014,06,10,18,18,16.470,232,0
2014,06,10,18,18,16.470,232,0
2014,06,10,18,18,16.470,239,1
2014,06,10,18,18,16.969,240,1
2014,06,10,18,18,16.969,239,1
2014,06,10,18,18,16.969,239,1
2014,06,10,18,18,16.969,241,1
2014,06,10,18,18,16.969,240,1
2014,06,10,18,18,17.454,231,0
2014,06,10,18,18,17.454,239,1
2014,06,10,18,18,17.454,240,1
2014,06,10,18,18,17.454,241,1
2014,06,10,18,18,17.454,236,0
2014,06,10,18,18,17.942,233,0
2014,06,10,18,18,17.942,240,1
2014,06,10,18,18,17.942,239,1
2014,06,10,18,18,17.942,232,0
2014,06,10,18,18,17.942,239,1
2014,06,10,18,18,18.435,240,1
2014,06,10,18,18,18.435,231,0
2014,06,10,18,18,18.435,233,0
2014,06,10,18,18,18.435,231,0
2014,06,10,18,18,18.435,240,1
2014,06,10,18,18,18.921,239,1
2014,06,10,18,18,18.921,238,1
2014,06,10,18,18,18.921,232,0
2014,06,10,18,18,18.921,232,0
2014,06,10,18,18,18.921,231,0
2014,06,10,18,18,19.404,234,0
2014,06,10,18,18,19.404,234,0
2014,06,10,18,18,19.404,232,0
2014,06,10,18,18,19.404,232,0
2014,06,10,18,18,19.404,231,0
2014,06,10,18,18,19.893,240,1
2014,06,10,18,18,19.893,231,0
2014,06,10,18,18,19.893,231,0
2014,06,10,18,18,19.893,239,1
2014,06,10,18,18,19.893,239,1
2014,06,10,18,18,20.383,240,1
2014,06,10,18,18,20.383,233,0
2014,06,10,18,18,20.383,239,1
2014,06,10,18,18,20.383,239,1
2014,06,10,18,18,20.383,233,0
2014,06,10,18,18,20.872,239,1
2014,06,10,18,18,20.872,239,1
2014,06,10,18,18,20.872,232,0
2014,06,10,18,18,20.872,231,0
2014,06,10,18,18,20.872,240,1
2014,06,10,18,18,21.360,234,0
2014,06,10,18,18,21.360,231,0
2014,06,10,18,18,21.360,240,1
2014,06,10,18,18,21.360,233,0
2014,06,10,18,18,21.360,232,0
2014,06,10,18,18,21.843,239,1
2014,06,10,18,18,21.843,240,1
2014,06,10,18,18,21.843,239,1
2014,06,10,18,18,21.843,232,0
2014,06,10,18,18,21.843,239,1
2014,06,10,18,18,22.331,239,1
2014,06,10,18,18,22.331,232,0
2014,06,10,18,18,22.331,233,0
2014,06,10,18,18,22.331,237,1
2014,06,10,18,18,22.331,240,0
2014,06,10,18,18,22.827,239,1
2014,06,10,18,18,22.827,232,0
2014,06,10,18,18,22.827,232,0
2014,06,10,18,18,22.827,233,0
2014,06,10,18,18,22.827,232,0
2014,06,10,18,18,23.309,241,1
2014,06,10,18,18,23.309,240,1
2014,06,10,18,18,23.309,233,0
2014,06,10,18,18,23.309,239,1
2014,06,10,18,18,23.309,241,1
2014,06,10,18,18,23.798,239,1
2014,06,10,18,18,23.798,232,0
2014,06,10,18,18,23.798,232,0
2014,06,10,18,18,23.798,233,0
2014,06,10,18,18,23.798,230,0
2014,06,10,18,18,24.285,240,1
2014,06,10,18,18,24.285,240,1
2014,06,10,18,18,24.285,240,1
2014,06,10,18,18,24.285,231,0
2014,06,10,18,18,24.285,240,1
2014,06,10,18,18,24.777,238,1
2014,06,10,18,18,24.777,239,1
2014,06,10,18,18,24.777,232,0
2014,06,10,18,18,24.777,232,0
2014,06,10,18,18,24.777,238,1
2014,06,10,18,18,25.265,239,1
2014,06,10,18,18,25.265,239,1
2014,06,10,18,18,25.265,232,0
2014,06,10,18,18,25.265,233,0
2014,06,10,18,18,25.265,232,0
2014,06,10,18,18,25.748,241,1
2014,06,10,18,18,25.748,240,1
2014,06,10,18,18,25.748,232,0
2014,06,10,18,18,25.748,232,0
2014,06,10,18,18,25.748,232,0
2014,06,10,18,18,26.244,231,0
2014,06,10,18,18,26.244,240,1
2014,06,10,18,18,26.244,240,1
2014,06,10,18,18,26.244,239,1
2014,06,10,18,18,26.244,231,0
2014,06,10,18,18,26.734,232,0
2014,06,10,18,18,26.734,240,1
2014,06,10,18,18,26.734,239,1
2014,06,10,18,18,26.734,239,1
2014,06,10,18,18,26.734,239,1
2014,06,10,18,18,27.214,239,1
2014,06,10,18,18,27.214,239,1
2014,06,10,18,18,27.214,232,0
2014,06,10,18,18,27.214,232,0
2014,06,10,18,18,27.214,239,1
2014,06,10,18,18,27.709,233,0
2014,06,10,18,18,27.709,231,0
2014,06,10,18,18,27.709,239,1
2014,06,10,18,18,27.709,240,1
2014,06,10,18,18,27.709,240,1
2014,06,10,18,18,28.193,231,0
2014,06,10,18,18,28.193,239,1
2014,06,10,18,18,28.193,239,1
2014,06,10,18,18,28.193,239,1
2014,06,10,18,18,28.193,239,1
2014,06,10,18,18,28.684,239,1
2014,06,10,18,18,28.684,232,0
2014,06,10,18,18,28.684,232,0
2014,06,10,18,18,28.684,239,1
2014,06,10,18,18,28.684,240,1
2014,06,10,18,18,29.167,239,1
2014,06,10,18,18,29.167,232,0
2014,06,10,18,18,29.167,239,1
2014,06,10,18,18,29.167,241,1
2014,06,10,18,18,29.167,233,0
2014,06,10,18,18,29.654,238,1
2014,06,10,18,18,29.654,240,1
2014,06,10,18,18,29.654,232,0
2014,06,10,18,18,29.654,239,1
2014,06,10,18,18,29.654,239,1
2014,06,10,18,18,30.147,241,1
2014,06,10,18,18,30.147,232,0
2014,06,10,18,18,30.147,233,0
2014,06,10,18,18,30.147,230,0
2014,06,10,18,18,30.147,230,0
2014,06,10,18,18,30.639,240,1
2014,06,10,18,18,30.639,232,0
2014,06,10,18,18,30.639,230,0
2014,06,10,18,18,30.639,240,1
2014,06,10,18,18,30.639,239,1
2014,06,10,18,18,31.134,241,1
2014,06,10,18,18,31.134,233,0
2014,06,10,18,18,31.134,239,1
2014,06,10,18,18,31.134,239,1
2014,06,10,18,18,31.134,230,0
2014,06,10,18,18,31.617,232,0
2014,06,10,18,18,31.617,232,0
2014,06,10,18,18,31.617,233,0
2014,06,10,18,18,31.617,238,1
2014,06,10,18,18,31.617,239,1
2014,06,10,18,18,32.096,231,0
2014,06,10,18,18,32.096,232,0
2014,06,10,18,18,32.096,239,1
2014,06,10,18,18,32.096,232,0
2014,06,10,18,18,32.096,232,0
2014,06,10,18,18,32.593,232,0
2014,06,10,18,18,32.593,239,1
2014,06,10,18,18,32.593,239,1
2014,06,10,18,18,32.593,232,0
2014,06,10,18,18,32.593,239,1
2014,06,10,18,18,33.078,239,1
2014,06,10,18,18,33.078,231,0
2014,06,10,18,18,33.078,232,0
2014,06,10,18,18,33.078,232,0
2014,06,10,18,18,33.078,239,1
2014,06,10,18,18,33.565,239,1
2014,06,10,18,18,33.565,240,1
2014,06,10,18,18,33.565,239,1
2014,06,10,18,18,33.565,239,1
2014,06,10,18,18,33.565,233,0
2014,06,10,18,18,34.057,233,0
2014,06,10,18,18,34.057,231,0
2014,06,10,18,18,34.057,239,1
2014,06,10,18,18,34.057,240,1
2014,06,10,18,18,34.057,239,1
2014,06,10,18,18,34.541,231,0
2014,06,10,18,18,34.541,239,1
2014,06,10,18,18,34.541,240,1
2014,06,10,18,18,34.541,231,0
2014,06,10,18,18,34.541,239,1
2014,06,10,18,18,35.032,239,1
2014,06,10,18,18,35.032,232,0
2014,06,10,18,18,35.032,239,1
2014,06,10,18,18,35.032,238,1
2014,06,10,18,18,35.032,232,0
2014,06,10,18,18,35.516,232,0
2014,06,10,18,18,35.516,233,0
2014,06,10,18,18,35.516,239,1
2014,06,10,18,18,35.516,241,1
2014,06,10,18,18,35.516,240,1
2014,06,10,18,18,36.003,240,1
2014,06,10,18,18,36.003,240,1
2014,06,10,18,18,36.003,240,1
2014,06,10,18,18,36.003,240,1
2014,06,10,18,18,36.003,239,1
2014,06,10,18,18,36.494,231,0
2014,06,10,18,18,36.494,234,0
2014,06,10,18,18,36.494,232,0
2014,06,10,18,18,36.494,233,0
2014,06,10,18,18,36.494,232,0
2014,06,10,18,18,36.978,240,1
2014,06,10,18,18,36.978,239,1
2014,06,10,18,18,36.978,240,1
2014,06,10,18,18,36.978,231,0
2014,06,10,18,18,36.978,239,1
2014,06,10,18,18,37.468,238,1
2014,06,10,18,18,37.468,238,1
2014,06,10,18,18,37.468,239,1
2014,06,10,18,18,37.468,239,1
2014,06,10,18,18,37.468,233,0
2014,06,10,18,18,37.963,232,0
2014,06,10,18,18,37.963,232,0
2014,06,10,18,18,37.963,240,1
2014,06,10,18,18,37.963,240,1
2014,06,10,18,18,37.963,239,1
2014,06,10,18,18,38.445,232,0
2014,06,10,18,18,38.445,233,0
2014,06,10,18,18,38.445,240,1
2014,06,10,18,18,38.445,238,1
2014,06,10,18,18,38.445,238,1
2014,06,10,18,18,38.933,233,0
2014,06,10,18,18,38.933,232,0
2014,06,10,18,18,38.933,232,0
2014,06,10,18,18,38.933,240,1
2014,06,10,18,18,38.933,233,0
2014,06,10,18,18,39.423,232,0
2014,06,10,18,18,39.423,233,0
2014,06,10,18,18,39.423,240,1
2014,06,10,18,18,39.423,240,1
2014,06,10,18,18,39.423,231,0
2014,06,10,18,18,39.912,240,1
2014,06,10,18,18,39.912,240,1
2014,06,10,18,18,39.912,240,1
2014,06,10,18,18,39.912,240,1
2014,06,10,18,18,39.912,231,0
2014,06,10,18,18,40.400,232,0
2014,06,10,18,18,40.400,231,0
2014,06,10,18,18,40.400,232,0
2014,06,10,18,18,40.400,232,0
2014,06,10,18,18,40.400,233,0
2014,06,10,18,18,40.888,231,0
2014,06,10,18,18,40.888,239,1
2014,06,10,18,18,40.888,240,1
2014,06,10,18,18,40.888,232,0
2014,06,10,18,18,40.888,232,0
2014,06,10,18,18,41.377,233,0
2014,06,10,18,18,41.377,240,1
2014,06,10,18,18,41.377,234,0
2014,06,10,18,18,41.377,231,0
2014,06,10,18,18,41.377,240,1
2014,06,10,18,18,41.866,240,1
2014,06,10,18,18,41.866,233,0
2014,06,10,18,18,41.866,234,0
2014,06,10,18,18,41.866,232,0
2014,06,10,18,18,41.866,232,0
2014,06,10,18,18,42.354,239,1
2014,06,10,18,18,42.354,239,1
2014,06,10,18,18,42.354,232,0
2014,06,10,18,18,42.354,239,1
2014,06,10,18,18,42.354,240,1
2014,06,10,18,18,42.843,239,1
2014,06,10,18,18,42.843,233,0
2014,06,10,18,18,42.843,231,0
2014,06,10,18,18,42.843,232,0
2014,06,10,18,18,42.843,232,0
2014,06,10,18,18,43.332,240,1
2014,06,10,18,18,43.332,231,0
2014,06,10,18,18,43.332,231,0
2014,06,10,18,18,43.332,232,0
2014,06,10,18,18,43.332,232,0
2014,06,10,18,18,43.815,232,0
2014,06,10,18,18,43.815,232,0
2014,06,10,18,18,43.815,240,1
2014,06,10,18,18,43.815,238,1
2014,06,10,18,18,43.815,240,1
2014,06,10,18,18,44.300,240,1
2014,06,10,18,18,44.300,239,1
2014,06,10,18,18,44.300,232,0
2014,06,10,18,18,44.300,232,0
2014,06,10,18,18,44.300,232,0
2014,06,10,18,18,44.795,239,1
2014,06,10,18,18,44.795,239,1
2014,06,10,18,18,44.795,230,0
2014,06,10,18,18,44.795,231,0
2014,06,10,18,18,44.795,232,0
2014,06,10,18,18,45.282,241,1
2014,06,10,18,18,45.282,232,0
2014,06,10,18,18,45.282,233,0
2014,06,10,18,18,45.282,240,1
2014,06,10,18,18,45.282,239,1
2014,06,10,18,18,45.777,237,0
2014,06,10,18,18,45.777,239,1
2014,06,10,18,18,45.777,240,1
2014,06,10,18,18,45.777,232,0
2014,06,10,18,18,45.777,240,1
2014,06,10,18,18,46.257,240,1
2014,06,10,18,18,46.257,240,1
2014,06,10,18,18,46.257,239,1
2014,06,10,18,18,46.257,239,1
2014,06,10,18,18,46.257,233,0
2014,06,10,18,18,46.750,232,0
2014,06,10,18,18,46.750,232,0
2014,06,10,18,18,46.750,240,1
2014,06,10,18,18,46.750,240,1
2014,06,10,18,18,46.750,239,1
2014,06,10,18,18,47.240,239,1
2014,06,10,18,18,47.240,238,1
2014,06,10,18,18,47.240,233,0
2014,06,10,18,18,47.240,239,1
2014,06,10,18,18,47.240,240,1
2014,06,10,18,18,47.728,232,0
2014,06,10,18,18,47.728,239,1
2014,06,10,18,18,47.728,240,1
2014,06,10,18,18,47.728,232,0
2014,06,10,18,18,47.728,239,1
2014,06,10,18,18,48.209,239,1
2014,06,10,18,18,48.209,232,0
2014,06,10,18,18,48.209,232,0
2014,06,10,18,18,48.209,231,0
2014,06,10,18,18,48.209,240,1
2014,06,10,18,18,48.696,239,1
2014,06,10,18,18,48.696,240,1
2014,06,10,18,18,48.696,232,0
2014,06,10,18,18,48.696,233,0
2014,06,10,18,18,48.696,232,0
2014,06,10,18,18,49.187,234,0
2014,06,10,18,18,49.187,232,0
2014,06,10,18,18,49.187,231,0
2014,06,10,18,18,49.187,232,0
2014,06,10,18,18,49.187,233,0
2014,06,10,18,18,49.674,239,1
2014,06,10,18,18,49.674,232,0
2014,06,10,18,18,49.674,231,0
2014,06,10,18,18,49.674,239,1
2014,06,10,18,18,49.674,239,1
2014,06,10,18,18,50.168,240,1
2014,06,10,18,18,50.168,232,0
2014,06,10,18,18,50.168,239,1
2014,06,10,18,18,50.168,239,1
2014,06,10,18,18,50.168,233,0
2014,06,10,18,18,50.656,232,0
2014,06,10,18,18,50.656,231,0
2014,06,10,18,18,50.656,240,1
2014,06,10,18,18,50.656,240,1
2014,06,10,18,18,50.656,232,0
2014,06,10,18,18,51.145,241,1
2014,06,10,18,18,51.145,240,1
2014,06,10,18,18,51.145,233,0
2014,06,10,18,18,51.145,232,0
2014,06,10,18,18,51.145,230,0
2014,06,10,18,18,51.630,241,1
2014,06,10,18,18,51.630,232,0
2014,06,10,18,18,51.630,232,0
2014,06,10,18,18,51.630,239,1
2014,06,10,18,18,51.630,233,0
2014,06,10,18,18,52.116,232,0
2014,06,10,18,18,52.116,232,0
2014,06,10,18,18,52.116,232,0
2014,06,10,18,18,52.116,239,1
2014,06,10,18,18,52.116,233,0
2014,06,10,18,18,52.604,232,0
2014,06,10,18,18,52.604,240,1
2014,06,10,18,18,52.604,240,1
2014,06,10,18,18,52.604,241,1
2014,06,10,18,18,52.604,232,0
2014,06,10,18,18,53.098,233,0
2014,06,10,18,18,53.098,233,0
2014,06,10,18,18,53.098,232,0
2014,06,10,18,18,53.098,232,0
2014,06,10,18,18,53.098,233,0
2014,06,10,18,18,53.586,233,0
2014,06,10,18,18,53.586,232,0
2014,06,10,18,18,53.586,233,0
2014,06,10,18,18,53.586,239,1
2014,06,10,18,18,53.586,240,1
2014,06,10,18,18,54.071,234,0
2014,06,10,18,18,54.071,240,1
2014,06,10,18,18,54.071,240,1
2014,06,10,18,18,54.071,240,1
2014,06,10,18,18,54.071,232,0
2014,06,10,18,18,54.564,233,0
2014,06,10,18,18,54.564,240,1
2014,06,10,18,18,54.564,239,1
2014,06,10,18,18,54.564,240,1
2014,06,10,18,18,54.564,239,1
2014,06,10,18,18,55.048,239,1
2014,06,10,18,18,55.048,239,1
2014,06,10,18,18,55.048,232,0
2014,06,10,18,18,55.048,233,0
2014,06,10,18,18,55.048,233,0
2014,06,10,18,18,55.535,231,0
2014,06,10,18,18,55.535,232,0
2014,06,10,18,18,55.535,232,0
2014,06,10,18,18,55.535,232,0
2014,06,10,18,18,55.535,232,0
2014,06,10,18,18,56.025,233,0
2014,06,10,18,18,56.025,240,1
2014,06,10,18,18,56.025,240,1
2014,06,10,18,18,56.025,231,0
2014,06,10,18,18,56.025,233,0
2014,06,10,18,18,56.514,232,0
2014,06,10,18,18,56.514,232,0
2014,06,10,18,18,56.514,239,1
2014,06,10,18,18,56.514,240,1
2014,06,10,18,18,56.514,231,0
2014,06,10,18,18,56.999,232,0
2014,06,10,18,18,56.999,232,0
2014,06,10,18,18,56.999,231,0
2014,06,10,18,18,56.999,230,0
2014,06,10,18,18,56.999,240,1
2014,06,10,18,18,57.489,232,0
2014,06,10,18,18,57.489,232,0
2014,06,10,18,18,57.489,240,1
2014,06,10,18,18,57.489,234,0
2014,06,10,18,18,57.489,231,0
2014,06,10,18,18,57.990,231,0
2014,06,10,18,18,57.990,232,0
2014,06,10,18,18,57.990,233,0
2014,06,10,18,18,57.990,238,1
2014,06,10,18,18,57.990,238,1
2014,06,10,18,18,58.467,240,1
2014,06,10,18,18,58.467,240,1
2014,06,10,18,18,58.467,238,1
2014,06,10,18,18,58.467,232,0
2014,06,10,18,18,58.467,232,0
2014,06,10,18,18,58.955,232,0
2014,06,10,18,18,58.955,241,1
2014,06,10,18,18,58.955,234,0
2014,06,10,18,18,58.955,232,0
2014,06,10,18,18,58.955,232,0
2014,06,10,18,18,59.444,240,1
2014,06,10,18,18,59.444,239,1
2014,06,10,18,18,59.444,239,1
2014,06,10,18,18,59.444,231,0
2014,06,10,18,18,59.444,231,0
2014,06,10,18,18,59.926,232,0
2014,06,10,18,18,59.926,231,0
2014,06,10,18,18,59.926,240,1
2014,06,10,18,18,59.926,232,0
2014,06,10,18,18,59.926,232,0
2014,06,10,18,19,00.425,240,1
2014,06,10,18,19,00.425,240,1
2014,06,10,18,19,00.425,241,1
2014,06,10,18,19,00.425,239,1
2014,06,10,18,19,00.425,240,1
2014,06,10,18,19,00.909,239,1
2014,06,10,18,19,00.909,233,0
2014,06,10,18,19,00.909,232,0
2014,06,10,18,19,00.909,231,0
2014,06,10,18,19,00.909,239,1
2014,06,10,18,19,01.393,232,0
2014,06,10,18,19,01.393,233,0
2014,06,10,18,19,01.393,241,1
2014,06,10,18,19,01.393,239,1
2014,06,10,18,19,01.393,232,0
2014,06,10,18,19,01.888,240,1
2014,06,10,18,19,01.888,240,1
2014,06,10,18,19,01.888,231,0
2014,06,10,18,19,01.888,232,0
2014,06,10,18,19,01.888,231,0
2014,06,10,18,19,02.370,231,0
2014,06,10,18,19,02.370,241,1
2014,06,10,18,19,02.370,239,1
2014,06,10,18,19,02.370,239,1
2014,06,10,18,19,02.370,233,0
2014,06,10,18,19,02.865,232,0
2014,06,10,18,19,02.865,231,0
2014,06,10,18,19,02.865,233,0
2014,06,10,18,19,02.865,234,0
2014,06,10,18,19,02.865,240,1
2014,06,10,18,19,03.344,238,1
2014,06,10,18,19,03.344,232,0
2014,06,10,18,19,03.344,232,0
2014,06,10,18,19,03.344,232,0
2014,06,10,18,19,03.344,239,1
2014,06,10,18,19,03.839,240,1
2014,06,10,18,19,03.839,238,1
2014,06,10,18,19,03.839,232,0
2014,06,10,18,19,03.839,241,1
2014,06,10,18,19,03.839,239,1
2014,06,10,18,19,04.329,241,1
2014,06,10,18,19,04.329,239,1
2014,06,10,18,19,04.329,239,1
2014,06,10,18,19,04.329,232,0
2014,06,10,18,19,04.329,232,0
2014,06,10,18,19,04.813,231,0
2014,06,10,18,19,04.813,241,1
2014,06,10,18,19,04.813,239,1
2014,06,10,18,19,04.813,240,1
2014,06,10,18,19,04.813,233,0
2014,06,10,18,19,05.302,232,0
2014,06,10,18,19,05.302,240,1
2014,06,10,18,19,05.302,233,0
2014,06,10,18,19,05.302,233,0
2014,06,10,18,19,05.302,231,0
2014,06,10,18,19,05.786,232,0
2014,06,10,18,19,05.786,232,0
2014,06,10,18,19,05.786,232,0
2014,06,10,18,19,05.786,239,1
2014,06,10,18,19,05.786,240,1
2014,06,10,18,19,06.277,231,0
2014,06,10,18,19,06.277,232,0
2014,06,10,18,19,06.277,231,0
2014,06,10,18,19,06.277,240,1
2014,06,10,18,19,06.277,240,1
2014,06,10,18,19,06.766,231,0
2014,06,10,18,19,06.766,232,0
2014,06,10,18,19,06.766,231,0
2014,06,10,18,19,06.766,240,1
2014,06,10,18,19,06.766,240,1
2014,06,10,18,19,07.260,241,1
2014,06,10,18,19,07.260,231,0
2014,06,10,18,19,07.260,240,1
2014,06,10,18,19,07.260,240,1
2014,06,10,18,19,07.260,230,0
2014,06,10,18,19,07.745,232,0
2014,06,10,18,19,07.745,240,1
2014,06,10,18,19,07.745,232,0
2014,06,10,18,19,07.745,232,0
2014,06,10,18,19,07.745,239,1
2014,06,10,18,19,08.233,232,0
2014,06,10,18,19,08.233,232,0
2014,06,10,18,19,08.233,240,1
2014,06,10,18,19,08.233,232,0
2014,06,10,18,19,08.233,232,0
2014,06,10,18,19,08.722,231,0
2014,06,10,18,19,08.722,242,1
2014,06,10,18,19,08.722,241,1
2014,06,10,18,19,08.722,233,0
2014,06,10,18,19,08.722,240,1
2014,06,10,18,19,09.215,240,1
2014,06,10,18,19,09.215,239,1
2014,06,10,18,19,09.215,238,1
2014,06,10,18,19,09.215,232,0
2014,06,10,18,19,09.215,240,1
2014,06,10,18,19,09.696,239,1
2014,06,10,18,19,09.696,240,1
2014,06,10,18,19,09.696,239,1
2014,06,10,18,19,09.696,240,1
2014,06,10,18,19,09.696,239,1
2014,06,10,18,19,10.182,233,0
2014,06,10,18,19,10.182,233,0
2014,06,10,18,19,10.182,239,1
2014,06,10,18,19,10.182,231,0
2014,06,10,18,19,10.182,233,0
2014,06,10,18,19,10.678,232,0
2014,06,10,18,19,10.678,239,1
2014,06,10,18,19,10.678,240,1
2014,06,10,18,19,10.678,240,1
2014,06,10,18,19,10.678,239,1
2014,06,10,18,19,11.161,232,0
2014,06,10,18,19,11.161,234,0
2014,06,10,18,19,11.161,233,0
2014,06,10,18,19,11.161,241,1
2014,06,10,18,19,11.161,233,0
2014,06,10,18,19,11.644,233,0
2014,06,10,18,19,11.644,240,1
2014,06,10,18,19,11.644,240,1
2014,06,10,18,19,11.644,240,1
2014,06,10,18,19,11.644,240,1
2014,06,10,18,19,12.141,232,0
2014,06,10,18,19,12.141,232,0
2014,06,10,18,19,12.141,233,0
2014,06,10,18,19,12.141,233,0
2014,06,10,18,19,12.141,239,1
2014,06,10,18,19,12.629,233,0
2014,06,10,18,19,12.629,233,0
2014,06,10,18,19,12.629,239,1
2014,06,10,18,19,12.629,240,1
2014,06,10,18,19,12.629,238,1
2014,06,10,18,19,13.110,238,1
2014,06,10,18,19,13.110,232,0
2014,06,10,18,19,13.110,233,0
2014,06,10,18,19,13.110,231,0
2014,06,10,18,19,13.110,233,0
2014,06,10,18,19,13.603,232,0
2014,06,10,18,19,13.603,231,0
2014,06,10,18,19,13.603,232,0
2014,06,10,18,19,13.603,233,0
2014,06,10,18,19,13.603,232,0
2014,06,10,18,19,14.098,231,0
2014,06,10,18,19,14.098,233,0
2014,06,10,18,19,14.098,231,0
2014,06,10,18,19,14.098,231,0
2014,06,10,18,19,14.098,232,0
