2014,06,23,17,16,11.176,271,110
2014,06,23,17,16,11.176,271,210
2014,06,23,17,16,11.176,272,310
2014,06,23,17,16,11.176,272,410
2014,06,23,17,16,11.176,272,510
2014,06,23,17,16,11.638,273,611
2014,06,23,17,16,11.638,272,711
2014,06,23,17,16,11.638,271,811
2014,06,23,17,16,11.638,272,911
2014,06,23,17,16,11.638,273,1011
2014,06,23,17,16,12.127,274,1112
2014,06,23,17,16,12.127,272,1210
2014,06,23,17,16,12.127,273,1310
2014,06,23,17,16,12.127,271,1410
2014,06,23,17,16,12.127,274,1510
2014,06,23,17,16,12.611,273,1611
2014,06,23,17,16,12.611,272,1711
2014,06,23,17,16,12.611,275,1811
2014,06,23,17,16,12.611,273,1911
2014,06,23,17,16,12.611,272,2011
2014,06,23,17,16,13.109,263,2112
2014,06,23,17,16,13.109,263,2210
2014,06,23,17,16,13.109,264,2310
2014,06,23,17,16,13.109,264,2410
2014,06,23,17,16,13.109,265,2510
2014,06,23,17,16,13.588,266,2611
2014,06,23,17,16,13.588,265,2711
2014,06,23,17,16,13.588,265,2811
2014,06,23,17,16,13.588,265,2911
2014,06,23,17,16,13.588,264,3011
2014,06,23,17,16,14.092,263,3112
2014,06,23,17,16,14.092,264,3210
2014,06,23,17,16,14.092,263,3310
2014,06,23,17,16,14.092,264,3410
2014,06,23,17,16,14.092,264,3510
2014,06,23,17,16,14.570,264,3611
2014,06,23,17,16,14.570,265,3711
2014,06,23,17,16,14.570,263,3811
2014,06,23,17,16,14.570,264,3911
2014,06,23,17,16,14.570,264,4011
2014,06,23,17,16,15.051,264,4112
2014,06,23,17,16,15.051,264,4210
2014,06,23,17,16,15.051,264,4310
2014,06,23,17,16,15.051,264,4410
2014,06,23,17,16,15.051,263,4510
2014,06,23,17,16,15.548,264,4611
2014,06,23,17,16,15.548,265,4711
2014,06,23,17,16,15.548,264,4811
2014,06,23,17,16,15.548,265,4911
2014,06,23,17,16,15.548,265,5011
2014,06,23,17,16,16.030,264,5112
2014,06,23,17,16,16.030,265,5210
2014,06,23,17,16,16.030,265,5310
2014,06,23,17,16,16.030,265,5410
2014,06,23,17,16,16.030,264,5510
2014,06,23,17,16,16.523,265,5611
2014,06,23,17,16,16.523,265,5711
2014,06,23,17,16,16.523,266,5811
2014,06,23,17,16,16.523,264,5911
2014,06,23,17,16,16.523,266,6011
2014,06,23,17,16,17.011,266,6112
2014,06,23,17,16,17.011,266,6210
2014,06,23,17,16,17.011,264,6310
2014,06,23,17,16,17.011,264,6410
2014,06,23,17,16,17.011,265,6510
2014,06,23,17,16,17.498,264,6611
2014,06,23,17,16,17.498,264,6711
2014,06,23,17,16,17.498,265,6811
2014,06,23,17,16,17.498,265,6911
2014,06,23,17,16,17.498,264,7011
2014,06,23,17,16,17.984,263,7112
2014,06,23,17,16,17.984,263,7210
2014,06,23,17,16,17.984,265,7310
2014,06,23,17,16,17.984,263,7410
2014,06,23,17,16,17.984,265,7510
2014,06,23,17,16,18.477,264,7611
2014,06,23,17,16,18.477,264,7711
2014,06,23,17,16,18.477,265,7811
2014,06,23,17,16,18.477,265,7911
2014,06,23,17,16,18.477,264,8011
2014,06,23,17,16,18.960,264,8112
2014,06,23,17,16,18.960,272,272
2014,06,23,17,16,18.960,273,1
2014,06,23,17,16,18.960,273,8410
2014,06,23,17,16,18.960,274,8510
2014,06,23,17,16,19.452,274,8611
2014,06,23,17,16,19.452,273,8711
2014,06,23,17,16,19.452,275,8811
2014,06,23,17,16,19.452,273,8911
2014,06,23,17,16,19.452,273,9011
2014,06,23,17,16,19.942,272,9112
2014,06,23,17,16,19.942,273,1
2014,06,23,17,16,19.942,274,9310
2014,06,23,17,16,19.942,273,9410
2014,06,23,17,16,19.942,273,9510
2014,06,23,17,16,20.424,273,9611
2014,06,23,17,16,20.424,274,9711
2014,06,23,17,16,20.424,274,9811
2014,06,23,17,16,20.424,275,9911
2014,06,23,17,16,20.424,274,10011
2014,06,23,17,16,20.919,273,10112
2014,06,23,17,16,20.919,273,1
2014,06,23,17,16,20.919,265,10310
2014,06,23,17,16,20.919,263,10410
2014,06,23,17,16,20.919,265,10510
2014,06,23,17,16,21.407,264,10611
2014,06,23,17,16,21.407,265,10711
2014,06,23,17,16,21.407,266,10811
2014,06,23,17,16,21.407,264,10911
2014,06,23,17,16,21.407,264,11011
2014,06,23,17,16,21.895,263,11112
2014,06,23,17,16,21.895,264,0
2014,06,23,17,16,21.895,265,11310
2014,06,23,17,16,21.895,264,11410
2014,06,23,17,16,21.895,263,11510
2014,06,23,17,16,22.382,265,11611
2014,06,23,17,16,22.382,265,11711
2014,06,23,17,16,22.382,264,11811
2014,06,23,17,16,22.382,266,11911
2014,06,23,17,16,22.382,265,12011
2014,06,23,17,16,22.870,266,12112
2014,06,23,17,16,22.870,263,0
2014,06,23,17,16,22.870,264,12310
2014,06,23,17,16,22.870,265,12410
2014,06,23,17,16,22.870,264,12510
2014,06,23,17,16,23.359,263,12611
2014,06,23,17,16,23.359,264,12711
2014,06,23,17,16,23.359,266,12811
2014,06,23,17,16,23.359,266,12911
2014,06,23,17,16,23.359,264,13011
2014,06,23,17,16,23.843,263,13112
2014,06,23,17,16,23.843,264,0
2014,06,23,17,16,23.843,272,272
2014,06,23,17,16,23.843,274,1
2014,06,23,17,16,23.843,274,13510
2014,06,23,17,16,24.337,274,13611
2014,06,23,17,16,24.337,275,13711
2014,06,23,17,16,24.337,272,13811
2014,06,23,17,16,24.337,273,13911
2014,06,23,17,16,24.337,274,14011
2014,06,23,17,16,24.819,274,14112
2014,06,23,17,16,24.819,272,14211
2014,06,23,17,16,24.819,272,1
2014,06,23,17,16,24.819,272,14411
2014,06,23,17,16,24.819,274,14511
2014,06,23,17,16,25.312,274,14612
2014,06,23,17,16,25.312,273,14710
2014,06,23,17,16,25.312,274,14810
2014,06,23,17,16,25.312,272,14910
2014,06,23,17,16,25.312,275,15010
2014,06,23,17,16,25.798,274,15111
2014,06,23,17,16,25.798,272,15211
2014,06,23,17,16,25.798,274,1
2014,06,23,17,16,25.798,266,15411
2014,06,23,17,16,25.798,264,15511
2014,06,23,17,16,26.285,264,15612
2014,06,23,17,16,26.285,264,15710
2014,06,23,17,16,26.285,264,15810
2014,06,23,17,16,26.285,264,15910
2014,06,23,17,16,26.285,265,16010
2014,06,23,17,16,26.773,264,16111
2014,06,23,17,16,26.773,264,16211
2014,06,23,17,16,26.773,265,0
2014,06,23,17,16,26.773,273,273
2014,06,23,17,16,26.773,273,1
2014,06,23,17,16,27.267,273,16612
2014,06,23,17,16,27.267,272,16710
2014,06,23,17,16,27.267,274,16810
2014,06,23,17,16,27.267,273,16910
2014,06,23,17,16,27.267,273,17011
2014,06,23,17,16,27.754,274,17112
2014,06,23,17,16,27.754,273,17210
2014,06,23,17,16,27.754,274,17310
2014,06,23,17,16,27.754,265,0
2014,06,23,17,16,27.754,263,17510
2014,06,23,17,16,28.240,265,17611
2014,06,23,17,16,28.240,263,17711
2014,06,23,17,16,28.240,265,17811
2014,06,23,17,16,28.240,265,17911
2014,06,23,17,16,28.240,264,18011
2014,06,23,17,16,28.723,264,18112
2014,06,23,17,16,28.723,264,18210
2014,06,23,17,16,28.723,265,18310
2014,06,23,17,16,28.723,263,0
2014,06,23,17,16,28.723,265,18510
2014,06,23,17,16,29.215,265,18611
2014,06,23,17,16,29.215,265,18711
2014,06,23,17,16,29.215,264,18811
2014,06,23,17,16,29.215,265,18911
2014,06,23,17,16,29.215,265,19011
2014,06,23,17,16,29.708,263,19112
2014,06,23,17,16,29.708,263,19210
2014,06,23,17,16,29.708,266,19310
2014,06,23,17,16,29.708,263,0
2014,06,23,17,16,29.708,274,274
2014,06,23,17,16,30.197,274,1
2014,06,23,17,16,30.197,274,19711
2014,06,23,17,16,30.197,273,19810
2014,06,23,17,16,30.197,274,19910
2014,06,23,17,16,30.197,272,20010
2014,06,23,17,16,30.684,273,20111
2014,06,23,17,16,30.684,272,20211
2014,06,23,17,16,30.684,274,20311
2014,06,23,17,16,30.684,272,20411
2014,06,23,17,16,30.684,264,0
2014,06,23,17,16,31.170,264,20612
2014,06,23,17,16,31.170,265,20710
2014,06,23,17,16,31.170,264,20810
2014,06,23,17,16,31.170,266,20910
2014,06,23,17,16,31.170,265,21010
2014,06,23,17,16,31.658,263,21111
2014,06,23,17,16,31.658,265,21211
2014,06,23,17,16,31.658,266,21311
2014,06,23,17,16,31.658,263,21411
2014,06,23,17,16,31.658,274,274
2014,06,23,17,16,32.142,272,21612
2014,06,23,17,16,32.142,274,1
2014,06,23,17,16,32.142,274,21810
2014,06,23,17,16,32.142,273,21910
2014,06,23,17,16,32.142,274,22010
2014,06,23,17,16,32.637,274,22111
2014,06,23,17,16,32.637,274,22211
2014,06,23,17,16,32.637,274,22311
2014,06,23,17,16,32.637,273,22411
2014,06,23,17,16,32.637,274,1
2014,06,23,17,16,33.121,275,22611
2014,06,23,17,16,33.121,273,22711
2014,06,23,17,16,33.121,273,22811
2014,06,23,17,16,33.121,275,22911
2014,06,23,17,16,33.121,274,23011
2014,06,23,17,16,33.610,275,23112
2014,06,23,17,16,33.610,273,23210
2014,06,23,17,16,33.610,273,23310
2014,06,23,17,16,33.610,275,23410
2014,06,23,17,16,33.610,274,1
2014,06,23,17,16,34.098,276,23611
2014,06,23,17,16,34.098,273,23711
2014,06,23,17,16,34.098,275,23811
2014,06,23,17,16,34.098,276,23911
2014,06,23,17,16,34.098,275,24011
2014,06,23,17,16,34.589,276,24112
2014,06,23,17,16,34.589,273,24210
2014,06,23,17,16,34.589,273,24310
2014,06,23,17,16,34.589,274,24410
2014,06,23,17,16,34.589,273,1
2014,06,23,17,16,35.078,274,24611
2014,06,23,17,16,35.078,274,24711
2014,06,23,17,16,35.078,276,24811
2014,06,23,17,16,35.078,273,24911
2014,06,23,17,16,35.078,274,25011
2014,06,23,17,16,35.564,274,25112
2014,06,23,17,16,35.564,274,25210
2014,06,23,17,16,35.564,274,25310
2014,06,23,17,16,35.564,273,25411
2014,06,23,17,16,35.564,272,1
2014,06,23,17,16,36.050,274,25612
2014,06,23,17,16,36.050,273,25710
2014,06,23,17,16,36.050,273,25810
2014,06,23,17,16,36.050,274,25910
2014,06,23,17,16,36.050,273,26010
2014,06,23,17,16,36.540,273,26111
2014,06,23,17,16,36.540,272,26211
2014,06,23,17,16,36.540,274,26311
2014,06,23,17,16,36.540,273,26411
2014,06,23,17,16,36.540,274,1
2014,06,23,17,16,37.023,273,26612
2014,06,23,17,16,37.023,265,26710
2014,06,23,17,16,37.023,265,26810
2014,06,23,17,16,37.023,264,26910
2014,06,23,17,16,37.023,266,27010
2014,06,23,17,16,37.520,266,27111
2014,06,23,17,16,37.520,263,27211
2014,06,23,17,16,37.520,265,27311
2014,06,23,17,16,37.520,264,27411
2014,06,23,17,16,37.520,265,0
2014,06,23,17,16,38.007,265,27612
2014,06,23,17,16,38.007,265,27710
2014,06,23,17,16,38.007,266,27810
2014,06,23,17,16,38.007,264,27910
2014,06,23,17,16,38.007,264,28010
2014,06,23,17,16,38.490,265,28111
2014,06,23,17,16,38.490,264,28211
2014,06,23,17,16,38.490,265,28310
2014,06,23,17,16,38.490,264,28410
2014,06,23,17,16,38.490,264,0
2014,06,23,17,16,38.989,264,28611
2014,06,23,17,16,38.989,266,28711
2014,06,23,17,16,38.989,264,28811
2014,06,23,17,16,38.989,264,28911
2014,06,23,17,16,38.989,264,29011
2014,06,23,17,16,39.476,265,29112
2014,06,23,17,16,39.476,264,29210
2014,06,23,17,16,39.476,265,29310
2014,06,23,17,16,39.476,266,29410
2014,06,23,17,16,39.476,264,0
2014,06,23,17,16,39.960,266,29611
2014,06,23,17,16,39.960,272,272
2014,06,23,17,16,39.960,273,1
2014,06,23,17,16,39.960,274,29911
2014,06,23,17,16,39.960,274,30011
2014,06,23,17,16,40.452,274,30112
2014,06,23,17,16,40.452,275,30210
2014,06,23,17,16,40.452,272,30310
2014,06,23,17,16,40.452,273,30410
2014,06,23,17,16,40.452,275,30510
2014,06,23,17,16,40.931,273,30611
2014,06,23,17,16,40.931,274,1
2014,06,23,17,16,40.931,264,30811
2014,06,23,17,16,40.931,266,30911
2014,06,23,17,16,40.931,264,31011
2014,06,23,17,16,41.427,265,31111
2014,06,23,17,16,41.427,265,31211
2014,06,23,17,16,41.427,266,31311
2014,06,23,17,16,41.427,264,31411
2014,06,23,17,16,41.427,264,31511
2014,06,23,17,16,41.914,264,31612
2014,06,23,17,16,41.914,264,0
2014,06,23,17,16,41.914,265,31810
2014,06,23,17,16,41.914,264,31910
2014,06,23,17,16,41.914,266,32010
2014,06,23,17,16,42.407,265,32111
2014,06,23,17,16,42.407,264,32211
2014,06,23,17,16,42.407,263,32311
2014,06,23,17,16,42.407,265,32411
2014,06,23,17,16,42.407,264,32511
2014,06,23,17,16,42.885,266,32612
2014,06,23,17,16,42.885,265,0
2014,06,23,17,16,42.885,264,32810
2014,06,23,17,16,42.885,265,32910
2014,06,23,17,16,42.885,264,33010
2014,06,23,17,16,43.374,264,33111
2014,06,23,17,16,43.374,264,33211
2014,06,23,17,16,43.374,265,33311
2014,06,23,17,16,43.374,263,33411
2014,06,23,17,16,43.374,265,33511
2014,06,23,17,16,43.864,265,33612
2014,06,23,17,16,43.864,265,0
2014,06,23,17,16,43.864,274,274
2014,06,23,17,16,43.864,273,33911
2014,06,23,17,16,43.864,275,1
2014,06,23,17,16,44.357,273,34112
2014,06,23,17,16,44.357,275,34210
2014,06,23,17,16,44.357,274,34310
2014,06,23,17,16,44.357,273,34410
2014,06,23,17,16,44.357,274,34510
2014,06,23,17,16,44.854,275,34611
2014,06,23,17,16,44.854,273,34711
2014,06,23,17,16,44.854,273,1
2014,06,23,17,16,44.854,265,34911
2014,06,23,17,16,44.854,264,35011
2014,06,23,17,16,45.325,265,35112
2014,06,23,17,16,45.325,265,35210
2014,06,23,17,16,45.325,264,35310
2014,06,23,17,16,45.325,264,35410
2014,06,23,17,16,45.325,265,35510
2014,06,23,17,16,45.825,266,35611
2014,06,23,17,16,45.825,263,35711
2014,06,23,17,16,45.825,265,0
2014,06,23,17,16,45.825,265,35911
2014,06,23,17,16,45.825,265,36011
2014,06,23,17,16,46.308,264,36112
2014,06,23,17,16,46.308,265,36210
2014,06,23,17,16,46.308,265,36310
2014,06,23,17,16,46.308,265,36410
2014,06,23,17,16,46.308,265,36510
2014,06,23,17,16,46.790,266,36611
2014,06,23,17,16,46.790,265,36710
2014,06,23,17,16,46.790,262,0
2014,06,23,17,16,46.790,266,266
2014,06,23,17,16,46.790,266,1
2014,06,23,17,16,47.286,266,37111
2014,06,23,17,16,47.286,264,37211
2014,06,23,17,16,47.286,265,37311
2014,06,23,17,16,47.286,265,37411
2014,06,23,17,16,47.286,265,37511
2014,06,23,17,16,47.767,264,37612
2014,06,23,17,16,47.767,266,37710
2014,06,23,17,16,47.767,265,37810
2014,06,23,17,16,47.767,273,273
2014,06,23,17,16,47.767,274,1
2014,06,23,17,16,48.257,272,38111
2014,06,23,17,16,48.257,273,38211
2014,06,23,17,16,48.257,273,38311
2014,06,23,17,16,48.257,274,38411
2014,06,23,17,16,48.257,273,38511
2014,06,23,17,16,48.748,274,38612
2014,06,23,17,16,48.748,273,38710
2014,06,23,17,16,48.748,273,38810
2014,06,23,17,16,48.748,274,1
2014,06,23,17,16,48.748,274,39010
2014,06,23,17,16,49.236,274,39111
2014,06,23,17,16,49.236,274,39211
2014,06,23,17,16,49.236,273,39311
2014,06,23,17,16,49.236,274,39411
2014,06,23,17,16,49.236,273,39511
2014,06,23,17,16,49.725,274,39611
2014,06,23,17,16,49.725,274,39711
2014,06,23,17,16,49.725,273,39811
2014,06,23,17,16,49.725,275,1
2014,06,23,17,16,49.725,273,40011
2014,06,23,17,16,50.209,273,40112
2014,06,23,17,16,50.209,274,40210
2014,06,23,17,16,50.209,273,40310
2014,06,23,17,16,50.209,273,40410
2014,06,23,17,16,50.209,273,40510
2014,06,23,17,16,50.699,274,40611
2014,06,23,17,16,50.699,273,40711
2014,06,23,17,16,50.699,275,40811
2014,06,23,17,16,50.699,273,1
2014,06,23,17,16,50.699,265,41011
2014,06,23,17,16,51.191,265,41112
2014,06,23,17,16,51.191,265,41210
2014,06,23,17,16,51.191,264,41310
2014,06,23,17,16,51.191,265,41410
2014,06,23,17,16,51.191,264,41510
2014,06,23,17,16,51.676,263,41611
2014,06,23,17,16,51.676,265,41711
2014,06,23,17,16,51.676,265,41811
2014,06,23,17,16,51.676,264,0
2014,06,23,17,16,51.676,274,274
2014,06,23,17,16,52.169,274,1
2014,06,23,17,16,52.169,273,42210
2014,06,23,17,16,52.169,273,42310
2014,06,23,17,16,52.169,274,42411
2014,06,23,17,16,52.169,274,42511
2014,06,23,17,16,52.652,273,42612
2014,06,23,17,16,52.652,272,42710
2014,06,23,17,16,52.652,273,42810
2014,06,23,17,16,52.652,275,42910
2014,06,23,17,16,52.652,273,1
2014,06,23,17,16,53.142,272,43111
2014,06,23,17,16,53.142,274,43211
2014,06,23,17,16,53.142,274,43311
2014,06,23,17,16,53.142,273,43411
2014,06,23,17,16,53.142,275,43511
2014,06,23,17,16,53.628,273,43612
2014,06,23,17,16,53.628,275,43710
2014,06,23,17,16,53.628,273,43810
2014,06,23,17,16,53.628,275,43910
2014,06,23,17,16,53.628,273,1
2014,06,23,17,16,54.123,274,44111
2014,06,23,17,16,54.123,273,44211
2014,06,23,17,16,54.123,273,44311
2014,06,23,17,16,54.123,275,44411
2014,06,23,17,16,54.123,273,44511
2014,06,23,17,16,54.606,275,44612
2014,06,23,17,16,54.606,273,44710
2014,06,23,17,16,54.606,275,44810
2014,06,23,17,16,54.606,274,44910
2014,06,23,17,16,54.606,273,1
2014,06,23,17,16,55.095,265,45111
2014,06,23,17,16,55.095,264,45210
2014,06,23,17,16,55.095,265,45310
2014,06,23,17,16,55.095,266,45410
2014,06,23,17,16,55.095,265,45510
2014,06,23,17,16,55.580,264,45611
2014,06,23,17,16,55.580,266,45711
2014,06,23,17,16,55.580,266,45811
2014,06,23,17,16,55.580,264,45911
2014,06,23,17,16,55.580,265,0
2014,06,23,17,16,56.066,274,274
2014,06,23,17,16,56.066,274,1
2014,06,23,17,16,56.066,274,46310
2014,06,23,17,16,56.066,273,46410
2014,06,23,17,16,56.066,274,46510
2014,06,23,17,16,56.563,274,46611
2014,06,23,17,16,56.563,274,46711
2014,06,23,17,16,56.563,274,46811
2014,06,23,17,16,56.563,275,46911
2014,06,23,17,16,56.563,274,47011
2014,06,23,17,16,57.048,273,1
2014,06,23,17,16,57.048,267,47210
2014,06,23,17,16,57.048,264,47310
2014,06,23,17,16,57.048,265,47410
2014,06,23,17,16,57.048,266,47510
2014,06,23,17,16,57.531,265,47611
2014,06,23,17,16,57.531,264,47711
2014,06,23,17,16,57.531,265,47811
2014,06,23,17,16,57.531,267,47911
2014,06,23,17,16,57.531,265,48010
2014,06,23,17,16,58.026,266,0
2014,06,23,17,16,58.026,263,48211
2014,06,23,17,16,58.026,265,48311
2014,06,23,17,16,58.026,267,48411
2014,06,23,17,16,58.026,265,48511
2014,06,23,17,16,58.508,264,48612
2014,06,23,17,16,58.508,267,48710
2014,06,23,17,16,58.508,265,48810
2014,06,23,17,16,58.508,266,48910
2014,06,23,17,16,58.508,264,49010
2014,06,23,17,16,59.006,264,0
2014,06,23,17,16,59.006,266,49211
2014,06,23,17,16,59.006,263,49311
2014,06,23,17,16,59.006,266,49411
2014,06,23,17,16,59.006,264,49511
2014,06,23,17,16,59.485,263,49612
2014,06,23,17,16,59.485,266,49710
2014,06,23,17,16,59.485,266,49810
2014,06,23,17,16,59.485,264,49910
2014,06,23,17,16,59.485,265,50010
2014,06,23,17,16,59.978,266,0
2014,06,23,17,16,59.978,264,50211
2014,06,23,17,16,59.978,264,50311
2014,06,23,17,16,59.978,265,50411
2014,06,23,17,16,59.978,265,50511
2014,06,23,17,17,00.465,265,50612
2014,06,23,17,17,00.465,266,50710
2014,06,23,17,17,00.465,265,50810
2014,06,23,17,17,00.465,264,50911
2014,06,23,17,17,00.465,265,51011
2014,06,23,17,17,00.953,265,0
2014,06,23,17,17,00.953,265,51210
2014,06,23,17,17,00.953,265,51310
2014,06,23,17,17,00.953,265,51410
2014,06,23,17,17,00.953,266,51510
2014,06,23,17,17,01.448,265,51611
2014,06,23,17,17,01.448,264,51711
2014,06,23,17,17,01.448,266,51811
2014,06,23,17,17,01.448,265,51911
2014,06,23,17,17,01.448,266,52011
2014,06,23,17,17,01.927,265,0
2014,06,23,17,17,01.927,264,52210
2014,06,23,17,17,01.927,266,52310
2014,06,23,17,17,01.927,266,52410
2014,06,23,17,17,01.927,266,52510
2014,06,23,17,17,02.418,267,52611
2014,06,23,17,17,02.418,265,52711
2014,06,23,17,17,02.418,267,52811
2014,06,23,17,17,02.418,264,52911
2014,06,23,17,17,02.418,265,53011
2014,06,23,17,17,02.905,266,0
2014,06,23,17,17,02.905,265,53210
2014,06,23,17,17,02.905,264,53310
2014,06,23,17,17,02.905,266,53410
2014,06,23,17,17,02.905,265,53510
2014,06,23,17,17,03.398,265,53611
2014,06,23,17,17,03.398,265,53710
2014,06,23,17,17,03.398,266,53810
2014,06,23,17,17,03.398,266,53910
2014,06,23,17,17,03.398,265,54010
2014,06,23,17,17,03.881,263,0
2014,06,23,17,17,03.881,266,54211
2014,06,23,17,17,03.881,264,54311
2014,06,23,17,17,03.881,266,54411
2014,06,23,17,17,03.881,264,54511
2014,06,23,17,17,04.377,265,54612
2014,06,23,17,17,04.377,264,54710
2014,06,23,17,17,04.377,265,54810
2014,06,23,17,17,04.377,265,54910
2014,06,23,17,17,04.377,266,55010
2014,06,23,17,17,04.858,266,0
2014,06,23,17,17,04.858,266,55211
2014,06,23,17,17,04.858,265,55311
2014,06,23,17,17,04.858,265,55411
2014,06,23,17,17,04.858,264,55511
2014,06,23,17,17,05.345,265,55612
2014,06,23,17,17,05.345,265,55710
2014,06,23,17,17,05.345,264,55810
2014,06,23,17,17,05.345,266,55910
2014,06,23,17,17,05.345,266,56010
2014,06,23,17,17,05.833,266,0
2014,06,23,17,17,05.833,265,56211
2014,06,23,17,17,05.833,265,56311
2014,06,23,17,17,05.833,265,56411
2014,06,23,17,17,05.833,265,56510
2014,06,23,17,17,06.327,265,56611
2014,06,23,17,17,06.327,265,56711
2014,06,23,17,17,06.327,266,56811
2014,06,23,17,17,06.327,264,56911
2014,06,23,17,17,06.327,264,57011
2014,06,23,17,17,06.811,266,0
2014,06,23,17,17,06.811,265,57210
2014,06,23,17,17,06.811,264,57310
2014,06,23,17,17,06.811,265,57410
2014,06,23,17,17,06.811,264,57510
2014,06,23,17,17,07.297,265,57611
2014,06,23,17,17,07.297,265,57711
2014,06,23,17,17,07.297,266,57811
2014,06,23,17,17,07.297,263,57911
2014,06,23,17,17,07.297,265,58011
2014,06,23,17,17,07.787,265,0
2014,06,23,17,17,07.787,265,58210
2014,06,23,17,17,07.787,264,58310
2014,06,23,17,17,07.787,266,58410
2014,06,23,17,17,07.787,265,58510
2014,06,23,17,17,08.283,266,58611
2014,06,23,17,17,08.283,265,58711
2014,06,23,17,17,08.283,265,58811
2014,06,23,17,17,08.283,264,58911
2014,06,23,17,17,08.283,265,59011
2014,06,23,17,17,08.765,265,0
2014,06,23,17,17,08.765,265,59210
2014,06,23,17,17,08.765,265,59311
2014,06,23,17,17,08.765,264,59411
2014,06,23,17,17,08.765,264,59511
2014,06,23,17,17,09.255,265,59612
2014,06,23,17,17,09.255,267,59710
2014,06,23,17,17,09.255,264,59810
2014,06,23,17,17,09.255,265,59910
2014,06,23,17,17,09.255,265,60010
2014,06,23,17,17,09.745,265,0
2014,06,23,17,17,09.745,266,60211
2014,06,23,17,17,09.745,264,60311
2014,06,23,17,17,09.745,265,60411
2014,06,23,17,17,09.745,264,60511
2014,06,23,17,17,10.236,263,60612
2014,06,23,17,17,10.236,264,60710
2014,06,23,17,17,10.236,266,60810
2014,06,23,17,17,10.236,266,60910
2014,06,23,17,17,10.236,265,61010
2014,06,23,17,17,10.719,265,0
2014,06,23,17,17,10.719,265,61211
2014,06,23,17,17,10.719,263,61311
2014,06,23,17,17,10.719,265,61411
2014,06,23,17,17,10.719,265,61511
2014,06,23,17,17,11.206,265,61612
2014,06,23,17,17,11.206,266,61710
2014,06,23,17,17,11.206,263,61810
2014,06,23,17,17,11.206,266,61910
2014,06,23,17,17,11.206,265,62010
2014,06,23,17,17,11.694,266,0
2014,06,23,17,17,11.694,264,62211
2014,06,23,17,17,11.694,264,62311
2014,06,23,17,17,11.694,266,62411
2014,06,23,17,17,11.694,264,62511
2014,06,23,17,17,12.185,264,62612
2014,06,23,17,17,12.185,265,62710
2014,06,23,17,17,12.185,265,62810
2014,06,23,17,17,12.185,265,62910
2014,06,23,17,17,12.185,265,63010
2014,06,23,17,17,12.669,265,0
2014,06,23,17,17,12.669,265,63211
2014,06,23,17,17,12.669,265,63311
2014,06,23,17,17,12.669,266,63411
2014,06,23,17,17,12.669,265,63511
2014,06,23,17,17,13.163,265,63612
2014,06,23,17,17,13.163,265,63710
2014,06,23,17,17,13.163,265,63810
2014,06,23,17,17,13.163,266,63910
2014,06,23,17,17,13.163,265,64010
2014,06,23,17,17,13.645,264,0
2014,06,23,17,17,13.645,265,64211
2014,06,23,17,17,13.645,265,64311
2014,06,23,17,17,13.645,265,64411
2014,06,23,17,17,13.645,265,64511
2014,06,23,17,17,14.136,265,64612
2014,06,23,17,17,14.136,266,64710
2014,06,23,17,17,14.136,266,64810
2014,06,23,17,17,14.136,264,64910
2014,06,23,17,17,14.136,265,65011
2014,06,23,17,17,14.626,265,0
2014,06,23,17,17,14.626,265,65210
2014,06,23,17,17,14.626,265,65310
2014,06,23,17,17,14.626,265,65410
2014,06,23,17,17,14.626,264,65510
2014,06,23,17,17,15.119,265,75
2014,06,23,17,17,15.119,266,175
2014,06,23,17,17,15.119,264,275
2014,06,23,17,17,15.119,266,375
2014,06,23,17,17,15.119,266,475
2014,06,23,17,17,15.602,266,0
2014,06,23,17,17,15.602,266,674
2014,06,23,17,17,15.602,265,774
2014,06,23,17,17,15.602,265,874
2014,06,23,17,17,15.602,266,974
2014,06,23,17,17,16.092,265,1075
2014,06,23,17,17,16.092,264,1175
2014,06,23,17,17,16.092,265,1275
2014,06,23,17,17,16.092,265,1375
2014,06,23,17,17,16.092,266,1475
2014,06,23,17,17,16.573,266,0
2014,06,23,17,17,16.573,265,1674
2014,06,23,17,17,16.573,265,1774
2014,06,23,17,17,16.573,265,1874
2014,06,23,17,17,16.573,265,1974
2014,06,23,17,17,17.071,265,2075
2014,06,23,17,17,17.071,265,2175
2014,06,23,17,17,17.071,265,2274
2014,06,23,17,17,17.071,265,2374
2014,06,23,17,17,17.071,265,2474
2014,06,23,17,17,17.558,264,0
2014,06,23,17,17,17.558,265,2675
2014,06,23,17,17,17.558,266,2775
2014,06,23,17,17,17.558,265,2875
2014,06,23,17,17,17.558,265,2975
2014,06,23,17,17,18.045,264,3076
2014,06,23,17,17,18.045,264,3174
2014,06,23,17,17,18.045,265,3274
2014,06,23,17,17,18.045,265,3374
2014,06,23,17,17,18.045,265,3474
2014,06,23,17,17,18.537,266,0
2014,06,23,17,17,18.537,265,3675
2014,06,23,17,17,18.537,265,3775
2014,06,23,17,17,18.537,265,3875
2014,06,23,17,17,18.537,265,3975
2014,06,23,17,17,19.017,264,4076
2014,06,23,17,17,19.017,265,4174
2014,06,23,17,17,19.017,267,4274
2014,06,23,17,17,19.017,265,4374
2014,06,23,17,17,19.017,266,4474
2014,06,23,17,17,19.507,266,0
2014,06,23,17,17,19.507,266,4675
2014,06,23,17,17,19.507,265,4775
2014,06,23,17,17,19.507,266,4875
2014,06,23,17,17,19.507,264,4975
2014,06,23,17,17,19.996,265,5075
2014,06,23,17,17,19.996,266,5175
2014,06,23,17,17,19.996,263,5275
2014,06,23,17,17,19.996,265,5375
2014,06,23,17,17,19.996,266,5475
2014,06,23,17,17,20.485,266,0
2014,06,23,17,17,20.485,266,5674
2014,06,23,17,17,20.485,265,5774
2014,06,23,17,17,20.485,263,5874
2014,06,23,17,17,20.485,265,5974
2014,06,23,17,17,20.974,264,6075
2014,06,23,17,17,20.974,266,6175
2014,06,23,17,17,20.974,264,6275
2014,06,23,17,17,20.974,266,6375
2014,06,23,17,17,20.974,265,6475
2014,06,23,17,17,21.462,265,0
2014,06,23,17,17,21.462,265,6674
2014,06,23,17,17,21.462,265,6774
2014,06,23,17,17,21.462,266,6874
2014,06,23,17,17,21.462,266,6974
2014,06,23,17,17,21.946,266,7075
2014,06,23,17,17,21.946,265,7175
2014,06,23,17,17,21.946,264,7275
2014,06,23,17,17,21.946,265,7375
2014,06,23,17,17,21.946,266,7475
2014,06,23,17,17,22.434,264,0
2014,06,23,17,17,22.434,266,7674
2014,06,23,17,17,22.434,265,7774
2014,06,23,17,17,22.434,265,7875
2014,06,23,17,17,22.434,266,7975
2014,06,23,17,17,22.936,264,8076
2014,06,23,17,17,22.936,265,8174
2014,06,23,17,17,22.936,265,8274
2014,06,23,17,17,22.936,261,8374
2014,06,23,17,17,22.936,259,8474
2014,06,23,17,17,23.412,257,0
2014,06,23,17,17,23.412,255,8675
2014,06,23,17,17,23.412,257,8775
2014,06,23,17,17,23.412,255,8875
2014,06,23,17,17,23.412,255,8975
2014,06,23,17,17,26.415,263,110
2014,06,23,17,17,26.415,263,210
2014,06,23,17,17,26.415,264,310
2014,06,23,17,17,26.415,265,410
2014,06,23,17,17,26.415,265,510
2014,06,23,17,17,26.901,265,611
2014,06,23,17,17,26.901,265,711
2014,06,23,17,17,26.901,265,811
2014,06,23,17,17,26.901,266,911
2014,06,23,17,17,26.901,266,1011
2014,06,23,17,17,27.391,265,1112
2014,06,23,17,17,27.391,266,1210
2014,06,23,17,17,27.391,264,1310
2014,06,23,17,17,27.391,266,1410
2014,06,23,17,17,27.391,265,1510
2014,06,23,17,17,27.875,267,1611
2014,06,23,17,17,27.875,263,1711
2014,06,23,17,17,27.875,266,1811
2014,06,23,17,17,27.875,266,1911
2014,06,23,17,17,27.875,265,2011
2014,06,23,17,17,28.370,266,2112
2014,06,23,17,17,28.370,264,2210
2014,06,23,17,17,28.370,265,2310
2014,06,23,17,17,28.370,266,2410
2014,06,23,17,17,28.370,265,2510
2014,06,23,17,17,28.852,265,2611
2014,06,23,17,17,28.852,266,2711
2014,06,23,17,17,28.852,265,2811
2014,06,23,17,17,28.852,265,2911
2014,06,23,17,17,28.852,266,3011
2014,06,23,17,17,29.347,266,3112
2014,06,23,17,17,29.347,266,3210
2014,06,23,17,17,29.347,265,3310
2014,06,23,17,17,29.347,266,3410
2014,06,23,17,17,29.347,266,3510
2014,06,23,17,17,29.837,266,3611
2014,06,23,17,17,29.837,266,3711
2014,06,23,17,17,29.837,266,3811
2014,06,23,17,17,29.837,266,3911
2014,06,23,17,17,29.837,265,4011
2014,06,23,17,17,30.315,265,4112
2014,06,23,17,17,30.315,266,4210
2014,06,23,17,17,30.315,265,4310
2014,06,23,17,17,30.315,266,4410
2014,06,23,17,17,30.315,265,4510
2014,06,23,17,17,30.812,264,4611
2014,06,23,17,17,30.812,266,4711
2014,06,23,17,17,30.812,266,4811
2014,06,23,17,17,30.812,267,4911
2014,06,23,17,17,30.812,265,5011
2014,06,23,17,17,31.301,264,5112
2014,06,23,17,17,31.301,265,5210
2014,06,23,17,17,31.301,266,5310
2014,06,23,17,17,31.301,264,5410
2014,06,23,17,17,31.301,264,5510
2014,06,23,17,17,31.786,265,5611
2014,06,23,17,17,31.786,266,5711
2014,06,23,17,17,31.786,266,5811
2014,06,23,17,17,31.786,266,5911
2014,06,23,17,17,31.786,266,6011
2014,06,23,17,17,32.274,265,6112
2014,06,23,17,17,32.274,265,6210
2014,06,23,17,17,32.274,266,6310
2014,06,23,17,17,32.274,266,6410
2014,06,23,17,17,32.274,273,273
2014,06,23,17,17,32.762,275,1
2014,06,23,17,17,32.762,273,6711
2014,06,23,17,17,32.762,274,6811
2014,06,23,17,17,32.762,276,6911
2014,06,23,17,17,32.762,274,7011
2014,06,23,17,17,33.249,274,7112
2014,06,23,17,17,33.249,273,7210
2014,06,23,17,17,33.249,273,7310
2014,06,23,17,17,33.249,274,7410
2014,06,23,17,17,33.249,274,1
2014,06,23,17,17,33.742,274,7611
2014,06,23,17,17,33.742,273,7711
2014,06,23,17,17,33.742,275,7811
2014,06,23,17,17,33.742,275,7911
2014,06,23,17,17,33.742,274,8011
2014,06,23,17,17,34.224,275,8112
2014,06,23,17,17,34.224,274,8210
2014,06,23,17,17,34.224,264,8310
2014,06,23,17,17,34.224,265,8410
2014,06,23,17,17,34.224,267,0
2014,06,23,17,17,34.715,265,8611
2014,06,23,17,17,34.715,265,8711
2014,06,23,17,17,34.715,266,8811
2014,06,23,17,17,34.715,265,8911
2014,06,23,17,17,34.715,266,9011
2014,06,23,17,17,35.206,266,9112
2014,06,23,17,17,35.206,265,9210
2014,06,23,17,17,35.206,266,9310
2014,06,23,17,17,35.206,264,9410
2014,06,23,17,17,35.206,266,0
2014,06,23,17,17,35.688,266,9611
2014,06,23,17,17,35.688,266,9711
2014,06,23,17,17,35.688,266,9811
2014,06,23,17,17,35.688,264,9911
2014,06,23,17,17,35.688,265,10011
2014,06,23,17,17,36.184,265,10112
2014,06,23,17,17,36.184,266,10210
2014,06,23,17,17,36.184,265,10310
2014,06,23,17,17,36.184,265,10410
2014,06,23,17,17,36.184,263,0
2014,06,23,17,17,36.671,266,10611
2014,06,23,17,17,36.671,265,10711
2014,06,23,17,17,36.671,266,10811
2014,06,23,17,17,36.671,265,10911
2014,06,23,17,17,36.671,266,11011
2014,06,23,17,17,37.159,274,274
2014,06,23,17,17,37.159,273,11210
2014,06,23,17,17,37.159,274,1
2014,06,23,17,17,37.159,275,11410
2014,06,23,17,17,37.159,275,11510
2014,06,23,17,17,37.646,274,11611
2014,06,23,17,17,37.646,273,11711
2014,06,23,17,17,37.646,275,11811
2014,06,23,17,17,37.646,274,11911
2014,06,23,17,17,37.646,273,12011
2014,06,23,17,17,38.135,275,1
2014,06,23,17,17,38.135,272,12210
2014,06,23,17,17,38.135,273,12310
2014,06,23,17,17,38.135,275,12410
2014,06,23,17,17,38.135,273,12510
2014,06,23,17,17,38.623,275,12611
2014,06,23,17,17,38.623,274,12711
2014,06,23,17,17,38.623,274,12811
2014,06,23,17,17,38.623,267,12911
2014,06,23,17,17,38.623,265,13011
2014,06,23,17,17,39.108,264,0
2014,06,23,17,17,39.108,266,13210
2014,06,23,17,17,39.108,266,13310
2014,06,23,17,17,39.108,264,13410
2014,06,23,17,17,39.108,265,13510
2014,06,23,17,17,39.601,266,13611
2014,06,23,17,17,39.601,266,13711
2014,06,23,17,17,39.601,272,272
2014,06,23,17,17,39.601,275,1
2014,06,23,17,17,39.601,274,14011
2014,06,23,17,17,40.084,274,14112
2014,06,23,17,17,40.084,274,14211
2014,06,23,17,17,40.084,274,14311
2014,06,23,17,17,40.084,274,14411
2014,06,23,17,17,40.084,275,14511
2014,06,23,17,17,40.573,274,14612
2014,06,23,17,17,40.573,276,14710
2014,06,23,17,17,40.573,264,0
2014,06,23,17,17,40.573,265,14910
2014,06,23,17,17,40.573,267,15010
2014,06,23,17,17,41.066,266,15111
2014,06,23,17,17,41.066,266,15211
2014,06,23,17,17,41.066,265,15311
2014,06,23,17,17,41.066,265,15411
2014,06,23,17,17,41.066,265,15511
2014,06,23,17,17,41.548,266,15612
2014,06,23,17,17,41.548,266,15710
2014,06,23,17,17,41.548,266,0
2014,06,23,17,17,41.548,265,15910
2014,06,23,17,17,41.548,266,16010
2014,06,23,17,17,42.039,265,16111
2014,06,23,17,17,42.039,266,16211
2014,06,23,17,17,42.039,266,16311
2014,06,23,17,17,42.039,266,16411
2014,06,23,17,17,42.039,266,16511
2014,06,23,17,17,42.530,275,275
2014,06,23,17,17,42.530,273,16710
2014,06,23,17,17,42.530,274,1
2014,06,23,17,17,42.530,275,16910
2014,06,23,17,17,42.530,274,17011
2014,06,23,17,17,43.018,275,17112
2014,06,23,17,17,43.018,274,17210
2014,06,23,17,17,43.018,274,17310
2014,06,23,17,17,43.018,274,17410
2014,06,23,17,17,43.018,266,17510
2014,06,23,17,17,43.507,264,0
2014,06,23,17,17,43.507,266,17711
2014,06,23,17,17,43.507,266,17811
2014,06,23,17,17,43.507,266,17911
2014,06,23,17,17,43.507,265,18011
2014,06,23,17,17,43.991,265,18112
2014,06,23,17,17,43.991,265,18210
2014,06,23,17,17,43.991,264,18310
2014,06,23,17,17,43.991,265,18410
2014,06,23,17,17,43.991,274,274
2014,06,23,17,17,44.476,276,1
2014,06,23,17,17,44.476,273,18711
2014,06,23,17,17,44.476,274,18811
2014,06,23,17,17,44.476,275,18911
2014,06,23,17,17,44.476,274,19011
2014,06,23,17,17,44.967,274,19112
2014,06,23,17,17,44.967,273,19210
2014,06,23,17,17,44.967,274,19310
2014,06,23,17,17,44.967,274,19410
2014,06,23,17,17,44.967,275,1
2014,06,23,17,17,45.459,276,19611
2014,06,23,17,17,45.459,274,19711
2014,06,23,17,17,45.459,275,19810
2014,06,23,17,17,45.459,274,19910
2014,06,23,17,17,45.459,275,20010
2014,06,23,17,17,45.950,274,20111
2014,06,23,17,17,45.950,274,20211
2014,06,23,17,17,45.950,274,20311
2014,06,23,17,17,45.950,273,20411
2014,06,23,17,17,45.950,276,1
2014,06,23,17,17,46.435,274,20612
2014,06,23,17,17,46.435,274,20710
2014,06,23,17,17,46.435,275,20810
2014,06,23,17,17,46.435,276,20910
2014,06,23,17,17,46.435,274,21010
2014,06,23,17,17,46.922,272,21111
2014,06,23,17,17,46.922,275,21211
2014,06,23,17,17,46.922,273,21311
2014,06,23,17,17,46.922,274,21411
2014,06,23,17,17,46.922,273,0
2014,06,23,17,17,47.408,274,21612
2014,06,23,17,17,47.408,274,21710
2014,06,23,17,17,47.408,274,21810
2014,06,23,17,17,47.408,275,21910
2014,06,23,17,17,47.408,275,22010
2014,06,23,17,17,47.900,274,22111
2014,06,23,17,17,47.900,275,22211
2014,06,23,17,17,47.900,274,22311
2014,06,23,17,17,47.900,276,22411
2014,06,23,17,17,47.900,273,0
2014,06,23,17,17,48.389,274,22611
2014,06,23,17,17,48.389,276,22711
2014,06,23,17,17,48.389,274,22811
2014,06,23,17,17,48.389,274,22911
2014,06,23,17,17,48.389,275,23011
2014,06,23,17,17,48.870,267,23112
2014,06,23,17,17,48.870,266,23210
2014,06,23,17,17,48.870,265,23310
2014,06,23,17,17,48.870,265,23410
2014,06,23,17,17,48.870,265,0
2014,06,23,17,17,49.363,266,23611
2014,06,23,17,17,49.363,264,23711
2014,06,23,17,17,49.363,267,23811
2014,06,23,17,17,49.363,266,23911
2014,06,23,17,17,49.363,265,24011
2014,06,23,17,17,49.848,266,24112
2014,06,23,17,17,49.848,264,24210
2014,06,23,17,17,49.848,266,24310
2014,06,23,17,17,49.848,264,24410
2014,06,23,17,17,49.848,265,0
2014,06,23,17,17,50.341,267,24611
2014,06,23,17,17,50.341,265,24711
2014,06,23,17,17,50.341,266,24811
2014,06,23,17,17,50.341,266,24911
2014,06,23,17,17,50.341,265,25011
2014,06,23,17,17,50.823,266,25112
2014,06,23,17,17,50.823,265,25210
2014,06,23,17,17,50.823,266,25310
2014,06,23,17,17,50.823,266,25411
2014,06,23,17,17,50.823,266,0
2014,06,23,17,17,51.314,266,25612
2014,06,23,17,17,51.314,266,25710
2014,06,23,17,17,51.314,275,275
2014,06,23,17,17,51.314,272,25910
2014,06,23,17,17,51.314,275,1
2014,06,23,17,17,51.801,273,26111
2014,06,23,17,17,51.801,274,26211
2014,06,23,17,17,51.801,275,26311
2014,06,23,17,17,51.801,273,26411
2014,06,23,17,17,51.801,274,26511
2014,06,23,17,17,52.292,276,26612
2014,06,23,17,17,52.292,273,26710
2014,06,23,17,17,52.292,267,0
2014,06,23,17,17,52.292,264,26910
2014,06,23,17,17,52.292,266,27010
2014,06,23,17,17,52.778,266,27111
2014,06,23,17,17,52.778,267,27211
2014,06,23,17,17,52.778,265,27311
2014,06,23,17,17,52.778,265,27411
2014,06,23,17,17,52.778,265,27511
2014,06,23,17,17,53.271,266,27612
2014,06,23,17,17,53.271,266,27710
2014,06,23,17,17,53.271,266,0
2014,06,23,17,17,53.271,266,27910
2014,06,23,17,17,53.271,266,28010
2014,06,23,17,17,53.752,266,28111
2014,06,23,17,17,53.752,266,28211
2014,06,23,17,17,53.752,266,28310
2014,06,23,17,17,53.752,267,28410
2014,06,23,17,17,53.752,265,28510
2014,06,23,17,17,54.245,265,28611
2014,06,23,17,17,54.245,265,28711
2014,06,23,17,17,54.245,266,0
2014,06,23,17,17,54.245,265,28911
2014,06,23,17,17,54.245,266,29011
2014,06,23,17,17,54.739,266,29112
2014,06,23,17,17,54.739,266,29210
2014,06,23,17,17,54.739,265,29310
2014,06,23,17,17,54.739,265,29410
2014,06,23,17,17,54.739,275,275
2014,06,23,17,17,55.227,274,29611
2014,06,23,17,17,55.227,274,1
2014,06,23,17,17,55.227,274,29811
2014,06,23,17,17,55.227,275,29911
2014,06,23,17,17,55.227,274,30011
2014,06,23,17,17,55.712,274,30112
2014,06,23,17,17,55.712,275,30210
2014,06,23,17,17,55.712,275,30310
2014,06,23,17,17,55.712,274,30410
2014,06,23,17,17,55.712,265,0
2014,06,23,17,17,56.197,264,30611
2014,06,23,17,17,56.197,266,30711
2014,06,23,17,17,56.197,267,30811
2014,06,23,17,17,56.197,266,30911
2014,06,23,17,17,56.197,266,31011
2014,06,23,17,17,56.683,266,31111
2014,06,23,17,17,56.683,267,31211
2014,06,23,17,17,56.683,265,31311
2014,06,23,17,17,56.683,265,31411
2014,06,23,17,17,56.683,265,0
2014,06,23,17,17,57.180,266,31612
2014,06,23,17,17,57.180,265,31710
2014,06,23,17,17,57.180,266,31810
2014,06,23,17,17,57.180,266,31910
2014,06,23,17,17,57.180,265,32010
2014,06,23,17,17,57.673,266,32111
2014,06,23,17,17,57.673,266,32211
2014,06,23,17,17,57.673,264,32311
2014,06,23,17,17,57.673,265,32411
2014,06,23,17,17,57.673,266,0
2014,06,23,17,17,58.151,265,32612
2014,06,23,17,17,58.151,266,32710
2014,06,23,17,17,58.151,264,32810
2014,06,23,17,17,58.151,265,32910
2014,06,23,17,17,58.151,266,33010
2014,06,23,17,17,58.637,267,33111
2014,06,23,17,17,58.637,274,274
2014,06,23,17,17,58.637,273,33311
2014,06,23,17,17,58.637,275,1
2014,06,23,17,17,58.637,277,33511
2014,06,23,17,17,59.128,276,33612
2014,06,23,17,17,59.128,276,33710
2014,06,23,17,17,59.128,273,33810
2014,06,23,17,17,59.128,276,33911
2014,06,23,17,17,59.128,273,34011
2014,06,23,17,17,59.611,273,34112
2014,06,23,17,17,59.611,273,1
2014,06,23,17,17,59.611,275,34310
2014,06,23,17,17,59.611,275,34410
2014,06,23,17,17,59.611,274,34510
2014,06,23,17,18,00.114,274,34611
2014,06,23,17,18,00.114,274,34711
2014,06,23,17,18,00.114,275,34811
2014,06,23,17,18,00.114,274,34911
2014,06,23,17,18,00.114,274,35011
2014,06,23,17,18,00.594,275,35112
2014,06,23,17,18,00.594,274,1
2014,06,23,17,18,00.594,274,35310
2014,06,23,17,18,00.594,274,35410
2014,06,23,17,18,00.594,273,35510
2014,06,23,17,18,01.077,274,35611
2014,06,23,17,18,01.077,273,35711
2014,06,23,17,18,01.077,275,35811
2014,06,23,17,18,01.077,276,35911
2014,06,23,17,18,01.077,265,36011
2014,06,23,17,18,01.573,267,36112
2014,06,23,17,18,01.573,266,0
2014,06,23,17,18,01.573,266,36310
2014,06,23,17,18,01.573,265,36410
2014,06,23,17,18,01.573,265,36510
2014,06,23,17,18,02.053,266,36611
2014,06,23,17,18,02.053,265,36710
2014,06,23,17,18,02.053,266,36810
2014,06,23,17,18,02.053,274,274
2014,06,23,17,18,02.053,274,1
2014,06,23,17,18,02.543,275,37111
2014,06,23,17,18,02.543,275,37211
2014,06,23,17,18,02.543,274,37311
2014,06,23,17,18,02.543,274,37411
2014,06,23,17,18,02.543,274,37511
2014,06,23,17,18,03.037,274,37612
2014,06,23,17,18,03.037,275,37710
2014,06,23,17,18,03.037,275,37810
2014,06,23,17,18,03.037,274,1
2014,06,23,17,18,03.037,275,38010
2014,06,23,17,18,03.520,275,38111
2014,06,23,17,18,03.520,275,38211
2014,06,23,17,18,03.520,273,38311
2014,06,23,17,18,03.520,274,38411
2014,06,23,17,18,03.520,275,38511
2014,06,23,17,18,04.009,276,38612
2014,06,23,17,18,04.009,275,38710
2014,06,23,17,18,04.009,274,38810
2014,06,23,17,18,04.009,275,1
2014,06,23,17,18,04.009,274,39010
2014,06,23,17,18,04.497,274,39111
2014,06,23,17,18,04.497,274,39211
2014,06,23,17,18,04.497,274,39311
2014,06,23,17,18,04.497,274,39411
2014,06,23,17,18,04.497,274,39511
2014,06,23,17,18,04.990,275,39611
2014,06,23,17,18,04.990,264,39711
2014,06,23,17,18,04.990,266,39811
2014,06,23,17,18,04.990,265,0
2014,06,23,17,18,04.990,265,40011
2014,06,23,17,18,05.473,266,40112
2014,06,23,17,18,05.473,266,40210
2014,06,23,17,18,05.473,263,40310
2014,06,23,17,18,05.473,265,40410
2014,06,23,17,18,05.473,268,40510
2014,06,23,17,18,05.963,276,276
2014,06,23,17,18,05.963,273,40711
2014,06,23,17,18,05.963,274,1
2014,06,23,17,18,05.963,274,40911
2014,06,23,17,18,05.963,274,41011
2014,06,23,17,18,06.450,274,41112
2014,06,23,17,18,06.450,274,41210
2014,06,23,17,18,06.450,276,41310
2014,06,23,17,18,06.450,275,41410
2014,06,23,17,18,06.450,265,41510
2014,06,23,17,18,06.945,264,0
2014,06,23,17,18,06.945,266,41711
2014,06,23,17,18,06.945,266,41811
2014,06,23,17,18,06.945,267,41911
2014,06,23,17,18,06.945,266,42011
2014,06,23,17,18,07.433,265,42112
2014,06,23,17,18,07.433,266,42210
2014,06,23,17,18,07.433,267,42310
2014,06,23,17,18,07.433,266,42411
2014,06,23,17,18,07.433,265,42511
2014,06,23,17,18,07.921,263,0
2014,06,23,17,18,07.921,266,42710
2014,06,23,17,18,07.921,266,42810
2014,06,23,17,18,07.921,266,42910
2014,06,23,17,18,07.921,266,43010
2014,06,23,17,18,08.405,266,43111
2014,06,23,17,18,08.405,267,43211
2014,06,23,17,18,08.405,263,43311
2014,06,23,17,18,08.405,265,43411
2014,06,23,17,18,08.405,266,43511
2014,06,23,17,18,08.893,266,0
2014,06,23,17,18,08.893,264,43710
2014,06,23,17,18,08.893,265,43810
2014,06,23,17,18,08.893,268,43910
2014,06,23,17,18,08.893,265,44010
2014,06,23,17,18,09.380,264,44111
2014,06,23,17,18,09.380,265,44211
2014,06,23,17,18,09.380,266,44311
2014,06,23,17,18,09.380,266,44411
2014,06,23,17,18,09.380,264,44511
2014,06,23,17,18,09.875,266,0
2014,06,23,17,18,09.875,267,44710
2014,06,23,17,18,09.875,266,44810
2014,06,23,17,18,09.875,265,44910
2014,06,23,17,18,09.875,266,45010
2014,06,23,17,18,10.360,266,45111
2014,06,23,17,18,10.360,274,274
2014,06,23,17,18,10.360,274,1
2014,06,23,17,18,10.360,275,45410
2014,06,23,17,18,10.360,274,45510
2014,06,23,17,18,10.846,273,45611
2014,06,23,17,18,10.846,274,45711
2014,06,23,17,18,10.846,273,45811
2014,06,23,17,18,10.846,276,45911
2014,06,23,17,18,10.846,275,46011
2014,06,23,17,18,11.331,273,46112
2014,06,23,17,18,11.331,274,1
2014,06,23,17,18,11.331,275,46310
2014,06,23,17,18,11.331,273,46410
2014,06,23,17,18,11.331,275,46510
2014,06,23,17,18,11.818,275,46611
2014,06,23,17,18,11.818,274,46711
2014,06,23,17,18,11.818,273,46811
2014,06,23,17,18,11.818,274,46911
2014,06,23,17,18,11.818,275,47011
2014,06,23,17,18,12.313,275,47112
2014,06,23,17,18,12.313,275,1
2014,06,23,17,18,12.313,273,47310
2014,06,23,17,18,12.313,274,47410
2014,06,23,17,18,12.313,275,47510
2014,06,23,17,18,12.797,275,47611
2014,06,23,17,18,12.797,275,47711
2014,06,23,17,18,12.797,274,47811
2014,06,23,17,18,12.797,275,47911
2014,06,23,17,18,12.797,274,48010
2014,06,23,17,18,13.284,274,48111
2014,06,23,17,18,13.284,275,1
2014,06,23,17,18,13.284,273,48311
2014,06,23,17,18,13.284,275,48411
2014,06,23,17,18,13.284,274,48511
2014,06,23,17,18,13.777,275,48612
2014,06,23,17,18,13.777,275,48710
2014,06,23,17,18,13.777,274,48810
2014,06,23,17,18,13.777,275,48910
2014,06,23,17,18,13.777,274,49010
2014,06,23,17,18,14.261,273,49111
2014,06,23,17,18,14.261,275,1
2014,06,23,17,18,14.261,274,49311
2014,06,23,17,18,14.261,274,49411
2014,06,23,17,18,14.261,274,49511
2014,06,23,17,18,14.757,275,49612
2014,06,23,17,18,14.757,273,49710
2014,06,23,17,18,14.757,265,49810
2014,06,23,17,18,14.757,265,49910
2014,06,23,17,18,14.757,267,50010
2014,06,23,17,18,15.239,265,50111
2014,06,23,17,18,15.239,266,0
2014,06,23,17,18,15.239,266,50311
2014,06,23,17,18,15.239,266,50411
2014,06,23,17,18,15.239,264,50511
2014,06,23,17,18,15.734,266,50612
2014,06,23,17,18,15.734,265,50710
2014,06,23,17,18,15.734,275,275
2014,06,23,17,18,15.734,274,50911
2014,06,23,17,18,15.734,274,1
2014,06,23,17,18,16.216,274,51112
2014,06,23,17,18,16.216,274,51210
2014,06,23,17,18,16.216,275,51310
2014,06,23,17,18,16.216,275,51410
2014,06,23,17,18,16.216,274,51510
2014,06,23,17,18,16.707,273,51611
2014,06,23,17,18,16.707,266,51711
2014,06,23,17,18,16.707,266,0
2014,06,23,17,18,16.707,266,51911
2014,06,23,17,18,16.707,265,52011
2014,06,23,17,18,17.198,266,52112
2014,06,23,17,18,17.198,265,52210
2014,06,23,17,18,17.198,266,52310
2014,06,23,17,18,17.198,265,52410
2014,06,23,17,18,17.198,266,52510
2014,06,23,17,18,17.680,273,273
2014,06,23,17,18,17.680,274,1
2014,06,23,17,18,17.680,275,52811
2014,06,23,17,18,17.680,274,52911
2014,06,23,17,18,17.680,274,53011
2014,06,23,17,18,18.168,274,53112
2014,06,23,17,18,18.168,274,53210
2014,06,23,17,18,18.168,275,53310
2014,06,23,17,18,18.168,273,53410
2014,06,23,17,18,18.168,266,53510
2014,06,23,17,18,18.660,266,0
2014,06,23,17,18,18.660,267,53710
2014,06,23,17,18,18.660,267,53810
2014,06,23,17,18,18.660,264,53910
2014,06,23,17,18,18.660,266,54010
2014,06,23,17,18,19.151,265,54111
2014,06,23,17,18,19.151,266,54211
2014,06,23,17,18,19.151,265,54311
2014,06,23,17,18,19.151,265,54411
2014,06,23,17,18,19.151,275,275
2014,06,23,17,18,19.631,275,1
2014,06,23,17,18,19.631,275,54710
2014,06,23,17,18,19.631,275,54810
2014,06,23,17,18,19.631,274,54910
2014,06,23,17,18,19.631,274,55010
2014,06,23,17,18,20.127,274,55111
2014,06,23,17,18,20.127,274,55211
2014,06,23,17,18,20.127,275,55311
2014,06,23,17,18,20.127,274,55411
2014,06,23,17,18,20.127,273,1
2014,06,23,17,18,20.609,274,55612
2014,06,23,17,18,20.609,275,55710
2014,06,23,17,18,20.609,275,55810
2014,06,23,17,18,20.609,275,55910
2014,06,23,17,18,20.609,274,56010
2014,06,23,17,18,21.104,274,56111
2014,06,23,17,18,21.104,275,56211
2014,06,23,17,18,21.104,264,56311
2014,06,23,17,18,21.104,267,56411
2014,06,23,17,18,21.104,265,0
2014,06,23,17,18,21.585,266,56611
2014,06,23,17,18,21.585,265,56711
2014,06,23,17,18,21.585,266,56811
2014,06,23,17,18,21.585,267,56911
2014,06,23,17,18,21.585,266,57011
2014,06,23,17,18,22.079,268,57112
2014,06,23,17,18,22.079,273,273
2014,06,23,17,18,22.079,275,1
2014,06,23,17,18,22.079,274,57410
2014,06,23,17,18,22.079,275,57510
2014,06,23,17,18,22.565,273,57611
2014,06,23,17,18,22.565,276,57711
2014,06,23,17,18,22.565,276,57811
2014,06,23,17,18,22.565,273,57911
2014,06,23,17,18,22.565,275,58011
2014,06,23,17,18,23.048,269,58112
2014,06,23,17,18,23.048,265,0
2014,06,23,17,18,23.048,265,58310
2014,06,23,17,18,23.048,266,58410
2014,06,23,17,18,23.048,266,58510
2014,06,23,17,18,23.540,266,58611
2014,06,23,17,18,23.540,266,58711
2014,06,23,17,18,23.540,266,58811
2014,06,23,17,18,23.540,267,58911
2014,06,23,17,18,23.540,264,59011
2014,06,23,17,18,24.032,266,59112
2014,06,23,17,18,24.032,264,0
2014,06,23,17,18,24.032,265,59311
2014,06,23,17,18,24.032,266,59411
2014,06,23,17,18,24.032,265,59511
2014,06,23,17,18,24.516,265,59612
2014,06,23,17,18,24.516,266,59710
2014,06,23,17,18,24.516,265,59810
2014,06,23,17,18,24.516,267,59910
2014,06,23,17,18,24.516,275,275
2014,06,23,17,18,25.011,275,1
2014,06,23,17,18,25.011,274,60211
2014,06,23,17,18,25.011,274,60311
2014,06,23,17,18,25.011,275,60411
2014,06,23,17,18,25.011,275,60511
2014,06,23,17,18,25.500,274,60612
2014,06,23,17,18,25.500,275,60710
2014,06,23,17,18,25.500,275,60810
2014,06,23,17,18,25.500,265,60910
2014,06,23,17,18,25.500,266,0
2014,06,23,17,18,25.983,267,61111
2014,06,23,17,18,25.983,265,61211
2014,06,23,17,18,25.983,265,61311
2014,06,23,17,18,25.983,266,61411
2014,06,23,17,18,25.983,265,61511
2014,06,23,17,18,26.470,266,61612
2014,06,23,17,18,26.470,266,61710
2014,06,23,17,18,26.470,265,61810
2014,06,23,17,18,26.470,267,61910
2014,06,23,17,18,26.470,267,0
2014,06,23,17,18,26.957,266,62111
2014,06,23,17,18,26.957,266,62211
2014,06,23,17,18,26.957,266,62311
2014,06,23,17,18,26.957,266,62411
2014,06,23,17,18,26.957,267,62511
2014,06,23,17,18,27.442,267,62612
2014,06,23,17,18,27.442,266,62710
2014,06,23,17,18,27.442,266,62810
2014,06,23,17,18,27.442,266,62910
2014,06,23,17,18,27.442,267,0
2014,06,23,17,18,27.932,265,63111
2014,06,23,17,18,27.932,266,63211
2014,06,23,17,18,27.932,265,63311
2014,06,23,17,18,27.932,266,63411
2014,06,23,17,18,27.932,265,63511
2014,06,23,17,18,28.427,265,63612
2014,06,23,17,18,28.427,276,276
2014,06,23,17,18,28.427,274,63810
2014,06,23,17,18,28.427,275,1
2014,06,23,17,18,28.427,273,64010
2014,06,23,17,18,28.909,273,64111
2014,06,23,17,18,28.909,275,64211
2014,06,23,17,18,28.909,273,64311
2014,06,23,17,18,28.909,274,64411
2014,06,23,17,18,28.909,274,64511
2014,06,23,17,18,29.399,266,64612
2014,06,23,17,18,29.399,265,0
2014,06,23,17,18,29.399,266,64810
2014,06,23,17,18,29.399,264,64910
2014,06,23,17,18,29.399,265,65011
2014,06,23,17,18,29.891,265,65112
2014,06,23,17,18,29.891,267,65210
2014,06,23,17,18,29.891,266,65310
2014,06,23,17,18,29.891,265,65410
2014,06,23,17,18,29.891,265,65510
2014,06,23,17,18,30.380,265,75
2014,06,23,17,18,30.380,266,0
2014,06,23,17,18,30.380,266,275
2014,06,23,17,18,30.380,265,375
2014,06,23,17,18,30.380,266,475
2014,06,23,17,18,30.866,265,576
2014,06,23,17,18,30.866,265,674
2014,06,23,17,18,30.866,267,774
2014,06,23,17,18,30.866,264,874
2014,06,23,17,18,30.866,276,276
2014,06,23,17,18,31.356,274,1075
2014,06,23,17,18,31.356,275,1
2014,06,23,17,18,31.356,275,1275
2014,06,23,17,18,31.356,276,1375
2014,06,23,17,18,31.356,276,1475
2014,06,23,17,18,31.837,275,1576
2014,06,23,17,18,31.837,275,1674
2014,06,23,17,18,31.837,275,1774
2014,06,23,17,18,31.837,273,1874
2014,06,23,17,18,31.837,275,1
2014,06,23,17,18,32.337,275,2075
2014,06,23,17,18,32.337,275,2175
2014,06,23,17,18,32.337,274,2274
2014,06,23,17,18,32.337,275,2374
2014,06,23,17,18,32.337,274,2474
2014,06,23,17,18,32.821,275,2575
2014,06,23,17,18,32.821,273,2675
2014,06,23,17,18,32.821,276,2775
2014,06,23,17,18,32.821,273,2875
2014,06,23,17,18,32.821,275,1
2014,06,23,17,18,33.309,274,3076
2014,06,23,17,18,33.309,274,3174
2014,06,23,17,18,33.309,275,3274
2014,06,23,17,18,33.309,274,3374
2014,06,23,17,18,33.309,275,3474
2014,06,23,17,18,33.802,275,3575
2014,06,23,17,18,33.802,274,3675
2014,06,23,17,18,33.802,274,3775
2014,06,23,17,18,33.802,275,3875
2014,06,23,17,18,33.802,274,1
2014,06,23,17,18,34.281,273,4076
2014,06,23,17,18,34.281,274,4174
2014,06,23,17,18,34.281,275,4274
2014,06,23,17,18,34.281,274,4374
2014,06,23,17,18,34.281,275,4474
2014,06,23,17,18,34.770,275,4575
2014,06,23,17,18,34.770,275,4675
2014,06,23,17,18,34.770,273,4775
2014,06,23,17,18,34.770,274,4875
2014,06,23,17,18,34.770,275,1
2014,06,23,17,18,35.259,275,5075
2014,06,23,17,18,35.259,274,5175
2014,06,23,17,18,35.259,275,5275
2014,06,23,17,18,35.259,274,5375
2014,06,23,17,18,35.259,276,5475
2014,06,23,17,18,35.749,276,5576
2014,06,23,17,18,35.749,274,5674
2014,06,23,17,18,35.749,274,5774
2014,06,23,17,18,35.749,273,5874
2014,06,23,17,18,35.749,275,1
2014,06,23,17,18,36.238,274,6075
2014,06,23,17,18,36.238,274,6175
2014,06,23,17,18,36.238,275,6275
2014,06,23,17,18,36.238,275,6375
2014,06,23,17,18,36.238,265,6475
2014,06,23,17,18,36.726,266,6576
2014,06,23,17,18,36.726,266,6674
2014,06,23,17,18,36.726,267,6774
2014,06,23,17,18,36.726,264,6874
2014,06,23,17,18,36.726,267,0
2014,06,23,17,18,37.210,264,7075
2014,06,23,17,18,37.210,266,7175
2014,06,23,17,18,37.210,264,7275
2014,06,23,17,18,37.210,267,7375
2014,06,23,17,18,37.210,265,7475
2014,06,23,17,18,37.697,265,7576
2014,06,23,17,18,37.697,267,7674
2014,06,23,17,18,37.697,266,7774
2014,06,23,17,18,37.697,267,7875
2014,06,23,17,18,37.697,265,0
2014,06,23,17,18,38.194,266,8076
2014,06,23,17,18,38.194,266,8174
2014,06,23,17,18,38.194,266,8274
2014,06,23,17,18,38.194,267,8374
2014,06,23,17,18,38.194,266,8474
2014,06,23,17,18,38.676,266,8575
2014,06,23,17,18,38.676,267,8675
2014,06,23,17,18,38.676,265,8775
2014,06,23,17,18,38.676,266,8875
2014,06,23,17,18,38.676,265,0
2014,06,23,17,18,39.165,266,9076
2014,06,23,17,18,39.165,265,9174
2014,06,23,17,18,39.165,267,9274
2014,06,23,17,18,39.165,266,9374
2014,06,23,17,18,39.165,266,9474
2014,06,23,17,18,39.652,265,9575
2014,06,23,17,18,39.652,266,9675
2014,06,23,17,18,39.652,265,9775
2014,06,23,17,18,39.652,266,9875
2014,06,23,17,18,39.652,266,0
2014,06,23,17,18,40.145,265,10076
2014,06,23,17,18,40.145,266,10174
2014,06,23,17,18,40.145,265,10274
2014,06,23,17,18,40.145,267,10374
2014,06,23,17,18,40.145,266,10474
2014,06,23,17,18,40.633,266,10575
2014,06,23,17,18,40.633,266,10675
2014,06,23,17,18,40.633,265,10774
2014,06,23,17,18,40.633,266,10874
2014,06,23,17,18,40.633,266,0
2014,06,23,17,18,41.125,265,11075
2014,06,23,17,18,41.125,268,11175
2014,06,23,17,18,41.125,266,11275
2014,06,23,17,18,41.125,266,11375
2014,06,23,17,18,41.125,266,11475
2014,06,23,17,18,41.613,265,11576
2014,06,23,17,18,41.613,266,11674
2014,06,23,17,18,41.613,265,11774
2014,06,23,17,18,41.613,266,11874
2014,06,23,17,18,41.613,275,275
2014,06,23,17,18,42.093,275,1
2014,06,23,17,18,42.093,276,12175
2014,06,23,17,18,42.093,274,12275
2014,06,23,17,18,42.093,274,12375
2014,06,23,17,18,42.093,274,12475
2014,06,23,17,18,42.588,275,12576
2014,06,23,17,18,42.588,274,12674
2014,06,23,17,18,42.588,274,12774
2014,06,23,17,18,42.588,274,12874
2014,06,23,17,18,42.588,267,0
2014,06,23,17,18,43.070,267,13075
2014,06,23,17,18,43.070,265,13175
2014,06,23,17,18,43.070,266,13275
2014,06,23,17,18,43.070,266,13375
2014,06,23,17,18,43.070,265,13475
2014,06,23,17,18,43.562,266,13575
2014,06,23,17,18,43.562,267,13675
2014,06,23,17,18,43.562,265,13775
2014,06,23,17,18,43.562,265,13875
2014,06,23,17,18,43.562,265,0
2014,06,23,17,18,44.045,266,14076
2014,06,23,17,18,44.045,266,14174
2014,06,23,17,18,44.045,265,14274
2014,06,23,17,18,44.045,264,14374
2014,06,23,17,18,44.045,267,14474
2014,06,23,17,18,44.533,266,14575
2014,06,23,17,18,44.533,265,14675
2014,06,23,17,18,44.533,266,14775
2014,06,23,17,18,44.533,266,14875
2014,06,23,17,18,44.533,266,0
2014,06,23,17,18,45.021,267,15076
2014,06,23,17,18,45.021,267,15174
2014,06,23,17,18,45.021,265,15274
2014,06,23,17,18,45.021,266,15374
2014,06,23,17,18,45.021,265,15474
2014,06,23,17,18,45.516,266,15575
2014,06,23,17,18,45.516,266,15675
2014,06,23,17,18,45.516,266,15775
2014,06,23,17,18,45.516,265,15875
2014,06,23,17,18,45.516,266,0
2014,06,23,17,18,46.004,266,16076
2014,06,23,17,18,46.004,266,16174
2014,06,23,17,18,46.004,265,16274
2014,06,23,17,18,46.004,265,16375
2014,06,23,17,18,46.004,267,16475
2014,06,23,17,18,46.492,265,16576
2014,06,23,17,18,46.492,266,16674
2014,06,23,17,18,46.492,266,16774
2014,06,23,17,18,46.492,266,16874
2014,06,23,17,18,46.492,266,0
2014,06,23,17,18,46.983,265,17075
2014,06,23,17,18,46.983,267,17175
2014,06,23,17,18,46.983,267,17275
2014,06,23,17,18,46.983,265,17375
2014,06,23,17,18,46.983,266,17475
2014,06,23,17,18,47.463,274,274
2014,06,23,17,18,47.463,274,1
2014,06,23,17,18,47.463,276,17774
2014,06,23,17,18,47.463,274,17874
2014,06,23,17,18,47.463,275,17974
2014,06,23,17,18,47.960,276,18075
2014,06,23,17,18,47.960,276,18175
2014,06,23,17,18,47.960,274,18275
2014,06,23,17,18,47.960,274,18375
2014,06,23,17,18,47.960,276,18475
2014,06,23,17,18,48.444,274,1
2014,06,23,17,18,48.444,274,18674
2014,06,23,17,18,48.444,275,18774
2014,06,23,17,18,48.444,275,18874
2014,06,23,17,18,48.444,274,18974
2014,06,23,17,18,48.931,274,19075
2014,06,23,17,18,48.931,276,19174
2014,06,23,17,18,48.931,274,19274
2014,06,23,17,18,48.931,275,19374
2014,06,23,17,18,48.931,276,19474
2014,06,23,17,18,49.423,276,1
2014,06,23,17,18,49.423,274,19675
2014,06,23,17,18,49.423,273,19775
2014,06,23,17,18,49.423,275,19875
2014,06,23,17,18,49.423,274,19975
2014,06,23,17,18,49.908,273,20076
2014,06,23,17,18,49.908,274,20174
2014,06,23,17,18,49.908,276,20274
2014,06,23,17,18,49.908,274,20374
2014,06,23,17,18,49.908,274,20474
2014,06,23,17,18,50.399,274,1
2014,06,23,17,18,50.399,274,20675
2014,06,23,17,18,50.399,275,20775
2014,06,23,17,18,50.399,275,20875
2014,06,23,17,18,50.399,275,20975
2014,06,23,17,18,50.882,277,21076
2014,06,23,17,18,50.882,275,21174
2014,06,23,17,18,50.882,275,21274
2014,06,23,17,18,50.882,275,21374
2014,06,23,17,18,50.882,275,21474
2014,06,23,17,18,51.366,276,1
2014,06,23,17,18,51.366,276,21675
2014,06,23,17,18,51.366,273,21775
2014,06,23,17,18,51.366,275,21875
2014,06,23,17,18,51.366,275,21976
2014,06,23,17,18,51.860,275,22075
2014,06,23,17,18,51.860,275,22175
2014,06,23,17,18,51.860,273,22275
2014,06,23,17,18,51.860,276,22375
2014,06,23,17,18,51.860,275,22475
2014,06,23,17,18,52.345,274,1
2014,06,23,17,18,52.345,275,22674
2014,06,23,17,18,52.345,275,22774
2014,06,23,17,18,52.345,275,22874
2014,06,23,17,18,52.345,275,22974
2014,06,23,17,18,52.840,266,23075
2014,06,23,17,18,52.840,266,23175
2014,06,23,17,18,52.840,266,23275
2014,06,23,17,18,52.840,266,23375
2014,06,23,17,18,52.840,265,23475
2014,06,23,17,18,53.329,266,0
2014,06,23,17,18,53.329,266,23674
2014,06,23,17,18,53.329,266,23774
2014,06,23,17,18,53.329,266,23874
2014,06,23,17,18,53.329,265,23974
2014,06,23,17,18,53.811,266,24075
2014,06,23,17,18,53.811,266,24175
2014,06,23,17,18,53.811,267,24275
2014,06,23,17,18,53.811,265,24375
2014,06,23,17,18,53.811,266,24475
2014,06,23,17,18,54.299,265,0
2014,06,23,17,18,54.299,266,24674
2014,06,23,17,18,54.299,266,24774
2014,06,23,17,18,54.299,266,24875
2014,06,23,17,18,54.299,275,275
2014,06,23,17,18,54.792,274,25076
2014,06,23,17,18,54.792,276,1
2014,06,23,17,18,54.792,275,25274
2014,06,23,17,18,54.792,276,25374
2014,06,23,17,18,54.792,273,25474
2014,06,23,17,18,55.279,274,25575
2014,06,23,17,18,55.279,273,25675
2014,06,23,17,18,55.279,275,25775
2014,06,23,17,18,55.279,274,25875
2014,06,23,17,18,55.279,274,1
2014,06,23,17,18,55.766,275,26076
2014,06,23,17,18,55.766,275,26174
2014,06,23,17,18,55.766,275,26274
2014,06,23,17,18,55.766,275,26374
2014,06,23,17,18,55.766,275,26474
2014,06,23,17,18,56.256,274,26575
2014,06,23,17,18,56.256,275,26675
2014,06,23,17,18,56.256,274,26775
2014,06,23,17,18,56.256,274,26875
2014,06,23,17,18,56.256,275,1
2014,06,23,17,18,56.744,275,27076
2014,06,23,17,18,56.744,273,27174
2014,06,23,17,18,56.744,275,27274
2014,06,23,17,18,56.744,275,27374
2014,06,23,17,18,56.744,275,27474
2014,06,23,17,18,57.232,274,27575
2014,06,23,17,18,57.232,275,27674
2014,06,23,17,18,57.232,273,27774
2014,06,23,17,18,57.232,275,27874
2014,06,23,17,18,57.232,275,1
2014,06,23,17,18,57.716,275,28075
2014,06,23,17,18,57.716,274,28175
2014,06,23,17,18,57.716,276,28275
2014,06,23,17,18,57.716,274,28375
2014,06,23,17,18,57.716,275,28475
2014,06,23,17,18,58.209,275,28576
2014,06,23,17,18,58.209,275,28674
2014,06,23,17,18,58.209,273,28774
2014,06,23,17,18,58.209,275,28874
2014,06,23,17,18,58.209,276,1
