2014,06,23,16,27,47.036,264,110
2014,06,23,16,27,47.036,264,210
2014,06,23,16,27,47.036,265,310
2014,06,23,16,27,47.036,265,410
2014,06,23,16,27,47.036,267,510
2014,06,23,16,27,47.478,266,611
2014,06,23,16,27,47.478,265,711
2014,06,23,16,27,47.478,265,811
2014,06,23,16,27,47.478,266,911
2014,06,23,16,27,47.478,267,1011
2014,06,23,16,27,47.968,266,1112
2014,06,23,16,27,47.968,266,1210
2014,06,23,16,27,47.968,264,1310
2014,06,23,16,27,47.968,266,1410
2014,06,23,16,27,47.968,264,1510
2014,06,23,16,27,48.452,265,1611
2014,06,23,16,27,48.452,266,1711
2014,06,23,16,27,48.452,265,1811
2014,06,23,16,27,48.452,266,1911
2014,06,23,16,27,48.452,266,2011
2014,06,23,16,27,48.947,265,2112
2014,06,23,16,27,48.947,266,2210
2014,06,23,16,27,48.947,265,2310
2014,06,23,16,27,48.947,267,2410
2014,06,23,16,27,48.947,266,2510
2014,06,23,16,27,49.429,267,2611
2014,06,23,16,27,49.429,267,2711
2014,06,23,16,27,49.429,266,2811
2014,06,23,16,27,49.429,265,2911
2014,06,23,16,27,49.429,266,3011
2014,06,23,16,27,49.922,265,3112
2014,06,23,16,27,49.922,265,3210
2014,06,23,16,27,49.922,265,3310
2014,06,23,16,27,49.922,266,3410
2014,06,23,16,27,49.922,267,3510
2014,06,23,16,27,50.410,267,3611
2014,06,23,16,27,50.410,266,3711
2014,06,23,16,27,50.410,267,3811
2014,06,23,16,27,50.410,266,3911
2014,06,23,16,27,50.410,266,4011
2014,06,23,16,27,50.892,266,4112
2014,06,23,16,27,50.892,267,4210
2014,06,23,16,27,50.892,265,4310
2014,06,23,16,27,50.892,265,4410
2014,06,23,16,27,50.892,266,4510
2014,06,23,16,27,51.388,265,4611
2014,06,23,16,27,51.388,267,4711
2014,06,23,16,27,51.388,267,4811
2014,06,23,16,27,51.388,265,4911
2014,06,23,16,27,51.388,268,5011
2014,06,23,16,27,51.870,266,5112
2014,06,23,16,27,51.870,265,5210
2014,06,23,16,27,51.870,266,5310
2014,06,23,16,27,51.870,264,5410
2014,06,23,16,27,51.870,266,5510
2014,06,23,16,27,52.361,267,5611
2014,06,23,16,27,52.361,265,5711
2014,06,23,16,27,52.361,266,5811
2014,06,23,16,27,52.361,264,5911
2014,06,23,16,27,52.361,266,6011
2014,06,23,16,27,52.851,266,6112
2014,06,23,16,27,52.851,266,6210
2014,06,23,16,27,52.851,265,6310
2014,06,23,16,27,52.851,267,6410
2014,06,23,16,27,52.851,265,6510
2014,06,23,16,27,53.339,266,6611
2014,06,23,16,27,53.339,266,6711
2014,06,23,16,27,53.339,267,6811
2014,06,23,16,27,53.339,265,6911
2014,06,23,16,27,53.339,275,1
2014,06,23,16,27,53.826,276,1
2014,06,23,16,27,53.826,265,0
2014,06,23,16,27,53.826,266,0
2014,06,23,16,27,53.826,266,0
2014,06,23,16,27,53.826,275,1
2014,06,23,16,27,54.323,274,1
2014,06,23,16,27,54.323,266,0
2014,06,23,16,27,54.323,274,1
2014,06,23,16,27,54.323,267,0
2014,06,23,16,27,54.323,266,0
2014,06,23,16,27,54.799,274,1
2014,06,23,16,27,54.799,276,1
2014,06,23,16,27,54.799,265,0
2014,06,23,16,27,54.799,275,1
2014,06,23,16,27,54.799,275,1
2014,06,23,16,27,55.292,275,1
2014,06,23,16,27,55.292,273,1
2014,06,23,16,27,55.292,276,1
2014,06,23,16,27,55.292,265,0
2014,06,23,16,27,55.292,266,0
2014,06,23,16,27,55.783,267,0
2014,06,23,16,27,55.783,275,1
2014,06,23,16,27,55.783,267,0
2014,06,23,16,27,55.783,266,0
2014,06,23,16,27,55.783,266,0
2014,06,23,16,27,56.264,275,1
2014,06,23,16,27,56.264,267,0
2014,06,23,16,27,56.264,264,0
2014,06,23,16,27,56.264,268,1
2014,06,23,16,27,56.264,275,1
2014,06,23,16,27,56.759,275,1
2014,06,23,16,27,56.759,277,1
2014,06,23,16,27,56.759,266,0
2014,06,23,16,27,56.759,274,1
2014,06,23,16,27,56.759,275,1
2014,06,23,16,27,57.248,275,1
2014,06,23,16,27,57.248,276,1
2014,06,23,16,27,57.248,265,0
2014,06,23,16,27,57.248,277,1
2014,06,23,16,27,57.248,267,0
2014,06,23,16,27,57.735,265,0
2014,06,23,16,27,57.735,268,0
2014,06,23,16,27,57.735,266,0
2014,06,23,16,27,57.735,274,1
2014,06,23,16,27,57.735,275,1
2014,06,23,16,27,58.221,274,1
2014,06,23,16,27,58.221,275,1
2014,06,23,16,27,58.221,276,1
2014,06,23,16,27,58.221,267,0
2014,06,23,16,27,58.221,277,1
2014,06,23,16,27,58.711,267,0
2014,06,23,16,27,58.711,275,1
2014,06,23,16,27,58.711,267,0
2014,06,23,16,27,58.711,276,1
2014,06,23,16,27,58.711,275,1
2014,06,23,16,27,59.198,266,0
2014,06,23,16,27,59.198,276,1
2014,06,23,16,27,59.198,267,0
2014,06,23,16,27,59.198,268,0
2014,06,23,16,27,59.198,275,1
2014,06,23,16,27,59.683,267,0
2014,06,23,16,27,59.683,267,0
2014,06,23,16,27,59.683,266,0
2014,06,23,16,27,59.683,266,0
2014,06,23,16,27,59.683,274,1
2014,06,23,16,28,00.182,266,0
2014,06,23,16,28,00.182,267,0
2014,06,23,16,28,00.182,275,1
2014,06,23,16,28,00.182,276,1
2014,06,23,16,28,00.182,274,1
2014,06,23,16,28,00.660,274,1
2014,06,23,16,28,00.660,275,1
2014,06,23,16,28,00.660,276,1
2014,06,23,16,28,00.660,267,0
2014,06,23,16,28,00.660,267,0
2014,06,23,16,28,01.150,266,0
2014,06,23,16,28,01.150,266,0
2014,06,23,16,28,01.150,267,0
2014,06,23,16,28,01.150,267,0
2014,06,23,16,28,01.150,274,1
2014,06,23,16,28,01.643,266,0
2014,06,23,16,28,01.643,266,0
2014,06,23,16,28,01.643,266,0
2014,06,23,16,28,01.643,266,0
2014,06,23,16,28,01.643,265,0
2014,06,23,16,28,02.125,275,1
2014,06,23,16,28,02.125,276,1
2014,06,23,16,28,02.125,275,1
2014,06,23,16,28,02.125,276,1
2014,06,23,16,28,02.125,274,1
2014,06,23,16,28,02.614,276,1
2014,06,23,16,28,02.614,275,1
2014,06,23,16,28,02.614,267,0
2014,06,23,16,28,02.614,267,0
2014,06,23,16,28,02.614,275,1
2014,06,23,16,28,03.107,275,1
2014,06,23,16,28,03.107,276,1
2014,06,23,16,28,03.107,276,1
2014,06,23,16,28,03.107,275,1
2014,06,23,16,28,03.107,275,1
2014,06,23,16,28,03.593,266,0
2014,06,23,16,28,03.593,276,1
2014,06,23,16,28,03.593,276,1
2014,06,23,16,28,03.593,266,0
2014,06,23,16,28,03.593,275,1
2014,06,23,16,28,04.083,265,0
2014,06,23,16,28,04.083,268,0
2014,06,23,16,28,04.083,266,0
2014,06,23,16,28,04.083,267,0
2014,06,23,16,28,04.083,267,0
2014,06,23,16,28,04.567,275,1
2014,06,23,16,28,04.567,266,0
2014,06,23,16,28,04.567,266,0
2014,06,23,16,28,04.567,275,1
2014,06,23,16,28,04.567,275,1
2014,06,23,16,28,05.052,266,0
2014,06,23,16,28,05.052,275,1
2014,06,23,16,28,05.052,267,0
2014,06,23,16,28,05.052,267,0
2014,06,23,16,28,05.052,276,1
2014,06,23,16,28,05.543,276,1
2014,06,23,16,28,05.543,267,0
2014,06,23,16,28,05.543,275,1
2014,06,23,16,28,05.543,266,0
2014,06,23,16,28,05.543,267,0
2014,06,23,16,28,06.034,267,0
2014,06,23,16,28,06.034,275,1
2014,06,23,16,28,06.034,275,1
2014,06,23,16,28,06.034,275,1
2014,06,23,16,28,06.034,267,0
2014,06,23,16,28,06.526,276,1
2014,06,23,16,28,06.526,275,1
2014,06,23,16,28,06.526,266,0
2014,06,23,16,28,06.526,275,1
2014,06,23,16,28,06.526,273,1
2014,06,23,16,28,07.011,266,0
2014,06,23,16,28,07.011,277,1
2014,06,23,16,28,07.011,275,1
2014,06,23,16,28,07.011,267,0
2014,06,23,16,28,07.011,276,1
2014,06,23,16,28,07.499,266,0
2014,06,23,16,28,07.499,265,0
2014,06,23,16,28,07.499,267,0
2014,06,23,16,28,07.499,275,1
2014,06,23,16,28,07.499,267,0
2014,06,23,16,28,07.985,275,1
2014,06,23,16,28,07.985,275,1
2014,06,23,16,28,07.985,276,1
2014,06,23,16,28,07.985,267,0
2014,06,23,16,28,07.985,266,0
2014,06,23,16,28,08.476,266,0
2014,06,23,16,28,08.476,266,0
2014,06,23,16,28,08.476,275,1
2014,06,23,16,28,08.476,275,1
2014,06,23,16,28,08.476,267,0
2014,06,23,16,28,08.966,275,1
2014,06,23,16,28,08.966,276,1
2014,06,23,16,28,08.966,267,0
2014,06,23,16,28,08.966,275,1
2014,06,23,16,28,08.966,267,0
2014,06,23,16,28,09.445,267,0
2014,06,23,16,28,09.445,275,1
2014,06,23,16,28,09.445,274,1
2014,06,23,16,28,09.445,277,1
2014,06,23,16,28,09.445,276,1
2014,06,23,16,28,09.939,265,0
2014,06,23,16,28,09.939,268,0
2014,06,23,16,28,09.939,275,1
2014,06,23,16,28,09.939,277,1
2014,06,23,16,28,09.939,277,1
2014,06,23,16,28,10.424,267,0
2014,06,23,16,28,10.424,274,1
2014,06,23,16,28,10.424,276,1
2014,06,23,16,28,10.424,266,0
2014,06,23,16,28,10.424,276,1
2014,06,23,16,28,10.917,267,0
2014,06,23,16,28,10.917,267,0
2014,06,23,16,28,10.917,275,1
2014,06,23,16,28,10.917,268,0
2014,06,23,16,28,10.917,275,1
2014,06,23,16,28,11.402,264,0
2014,06,23,16,28,11.402,267,0
2014,06,23,16,28,11.402,275,1
2014,06,23,16,28,11.402,266,0
2014,06,23,16,28,11.402,266,0
2014,06,23,16,28,11.890,275,1
2014,06,23,16,28,11.890,277,1
2014,06,23,16,28,11.890,273,1
2014,06,23,16,28,11.890,276,1
2014,06,23,16,28,11.890,275,1
2014,06,23,16,28,12.377,274,1
2014,06,23,16,28,12.377,267,0
2014,06,23,16,28,12.377,267,0
2014,06,23,16,28,12.377,266,0
2014,06,23,16,28,12.377,267,0
2014,06,23,16,28,12.868,266,0
2014,06,23,16,28,12.868,276,1
2014,06,23,16,28,12.868,265,0
2014,06,23,16,28,12.868,268,0
2014,06,23,16,28,12.868,265,0
2014,06,23,16,28,13.353,265,0
2014,06,23,16,28,13.353,275,1
2014,06,23,16,28,13.353,276,1
2014,06,23,16,28,13.353,265,0
2014,06,23,16,28,13.353,267,0
2014,06,23,16,28,13.850,267,0
2014,06,23,16,28,13.850,275,1
2014,06,23,16,28,13.850,266,0
2014,06,23,16,28,13.850,267,0
2014,06,23,16,28,13.850,274,1
2014,06,23,16,28,14.329,276,1
2014,06,23,16,28,14.329,275,1
2014,06,23,16,28,14.329,275,1
2014,06,23,16,28,14.329,267,0
2014,06,23,16,28,14.329,266,0
2014,06,23,16,28,14.820,267,0
2014,06,23,16,28,14.820,274,1
2014,06,23,16,28,14.820,277,0
2014,06,23,16,28,14.820,268,0
2014,06,23,16,28,14.820,267,0
2014,06,23,16,28,15.315,267,0
2014,06,23,16,28,15.315,267,0
2014,06,23,16,28,15.315,267,0
2014,06,23,16,28,15.315,276,1
2014,06,23,16,28,15.315,276,1
2014,06,23,16,28,15.805,275,1
2014,06,23,16,28,15.805,275,1
2014,06,23,16,28,15.805,268,0
2014,06,23,16,28,15.805,274,1
2014,06,23,16,28,15.805,266,0
2014,06,23,16,28,16.287,275,1
2014,06,23,16,28,16.287,267,0
2014,06,23,16,28,16.287,265,0
2014,06,23,16,28,16.287,276,1
2014,06,23,16,28,16.287,275,1
2014,06,23,16,28,16.773,267,0
2014,06,23,16,28,16.773,274,1
2014,06,23,16,28,16.773,267,0
2014,06,23,16,28,16.773,266,0
2014,06,23,16,28,16.773,266,0
2014,06,23,16,28,17.260,276,1
2014,06,23,16,28,17.260,275,1
2014,06,23,16,28,17.260,275,1
2014,06,23,16,28,17.260,267,0
2014,06,23,16,28,17.260,273,1
2014,06,23,16,28,17.755,267,0
2014,06,23,16,28,17.755,267,0
2014,06,23,16,28,17.755,275,1
2014,06,23,16,28,17.755,273,1
2014,06,23,16,28,17.755,276,1
2014,06,23,16,28,18.243,277,1
2014,06,23,16,28,18.243,275,1
2014,06,23,16,28,18.243,274,1
2014,06,23,16,28,18.243,275,1
2014,06,23,16,28,18.243,267,0
2014,06,23,16,28,18.728,275,1
2014,06,23,16,28,18.728,274,1
2014,06,23,16,28,18.728,268,0
2014,06,23,16,28,18.728,274,1
2014,06,23,16,28,18.728,275,1
2014,06,23,16,28,19.214,266,0
2014,06,23,16,28,19.214,274,1
2014,06,23,16,28,19.214,267,0
2014,06,23,16,28,19.214,274,1
2014,06,23,16,28,19.214,275,1
2014,06,23,16,28,19.707,267,0
2014,06,23,16,28,19.707,266,0
2014,06,23,16,28,19.707,275,1
2014,06,23,16,28,19.707,276,1
2014,06,23,16,28,19.707,277,1
2014,06,23,16,28,20.188,275,1
2014,06,23,16,28,20.188,275,1
2014,06,23,16,28,20.188,276,1
2014,06,23,16,28,20.188,274,1
2014,06,23,16,28,20.188,275,1
2014,06,23,16,28,20.686,267,0
2014,06,23,16,28,20.686,272,1
2014,06,23,16,28,20.686,276,1
2014,06,23,16,28,20.686,266,0
2014,06,23,16,28,20.686,267,0
2014,06,23,16,28,21.168,268,0
2014,06,23,16,28,21.168,267,0
2014,06,23,16,28,21.168,266,0
2014,06,23,16,28,21.168,267,0
2014,06,23,16,28,21.168,274,1
2014,06,23,16,28,21.654,276,1
2014,06,23,16,28,21.654,275,1
2014,06,23,16,28,21.654,267,0
2014,06,23,16,28,21.654,275,1
2014,06,23,16,28,21.654,276,1
2014,06,23,16,28,22.148,267,0
2014,06,23,16,28,22.148,267,0
2014,06,23,16,28,22.148,267,0
2014,06,23,16,28,22.148,267,0
2014,06,23,16,28,22.148,275,1
2014,06,23,16,28,22.630,275,1
2014,06,23,16,28,22.630,277,1
2014,06,23,16,28,22.630,267,0
2014,06,23,16,28,22.630,275,1
2014,06,23,16,28,22.630,266,0
2014,06,23,16,28,23.118,276,1
2014,06,23,16,28,23.118,274,1
2014,06,23,16,28,23.118,266,0
2014,06,23,16,28,23.118,266,0
2014,06,23,16,28,23.118,267,0
2014,06,23,16,28,23.613,267,0
2014,06,23,16,28,23.613,266,0
2014,06,23,16,28,23.613,268,0
2014,06,23,16,28,23.613,267,0
2014,06,23,16,28,23.613,267,0
2014,06,23,16,28,24.096,266,0
2014,06,23,16,28,24.096,275,1
2014,06,23,16,28,24.096,267,0
2014,06,23,16,28,24.096,266,0
2014,06,23,16,28,24.096,276,1
2014,06,23,16,28,24.584,276,1
2014,06,23,16,28,24.584,266,0
2014,06,23,16,28,24.584,268,0
2014,06,23,16,28,24.584,266,0
2014,06,23,16,28,24.584,276,1
2014,06,23,16,28,25.073,275,1
2014,06,23,16,28,25.073,266,0
2014,06,23,16,28,25.073,267,0
2014,06,23,16,28,25.073,265,0
2014,06,23,16,28,25.073,275,1
2014,06,23,16,28,25.567,267,0
2014,06,23,16,28,25.567,276,1
2014,06,23,16,28,25.567,275,1
2014,06,23,16,28,25.567,275,1
2014,06,23,16,28,25.567,266,0
2014,06,23,16,28,26.049,275,1
2014,06,23,16,28,26.049,276,1
2014,06,23,16,28,26.049,275,1
2014,06,23,16,28,26.049,275,1
2014,06,23,16,28,26.049,266,0
2014,06,23,16,28,26.538,275,1
2014,06,23,16,28,26.538,268,0
2014,06,23,16,28,26.538,276,1
2014,06,23,16,28,26.538,275,1
2014,06,23,16,28,26.538,266,0
2014,06,23,16,28,27.034,275,1
2014,06,23,16,28,27.034,276,1
2014,06,23,16,28,27.034,265,0
2014,06,23,16,28,27.034,274,1
2014,06,23,16,28,27.034,265,0
2014,06,23,16,28,27.520,266,0
2014,06,23,16,28,27.520,275,1
2014,06,23,16,28,27.520,276,1
2014,06,23,16,28,27.520,266,0
2014,06,23,16,28,27.520,274,1
2014,06,23,16,28,28.008,275,1
2014,06,23,16,28,28.008,268,0
2014,06,23,16,28,28.008,275,1
2014,06,23,16,28,28.008,266,0
2014,06,23,16,28,28.008,267,0
2014,06,23,16,28,28.495,267,0
2014,06,23,16,28,28.495,266,0
2014,06,23,16,28,28.495,276,1
2014,06,23,16,28,28.495,268,0
2014,06,23,16,28,28.495,268,0
2014,06,23,16,28,28.981,267,0
2014,06,23,16,28,28.981,274,1
2014,06,23,16,28,28.981,277,0
2014,06,23,16,28,28.981,275,1
2014,06,23,16,28,28.981,266,0
2014,06,23,16,28,29.469,266,0
2014,06,23,16,28,29.469,267,0
2014,06,23,16,28,29.469,268,0
2014,06,23,16,28,29.469,275,1
2014,06,23,16,28,29.469,267,0
2014,06,23,16,28,29.957,275,1
2014,06,23,16,28,29.957,277,1
2014,06,23,16,28,29.957,274,1
2014,06,23,16,28,29.957,266,0
2014,06,23,16,28,29.957,276,1
2014,06,23,16,28,30.451,275,1
2014,06,23,16,28,30.451,265,0
2014,06,23,16,28,30.451,275,1
2014,06,23,16,28,30.451,267,0
2014,06,23,16,28,30.451,276,1
2014,06,23,16,28,30.936,267,0
2014,06,23,16,28,30.936,275,1
2014,06,23,16,28,30.936,276,1
2014,06,23,16,28,30.936,274,1
2014,06,23,16,28,30.936,276,1
2014,06,23,16,28,31.424,267,0
2014,06,23,16,28,31.424,266,0
2014,06,23,16,28,31.424,276,1
2014,06,23,16,28,31.424,267,0
2014,06,23,16,28,31.424,265,0
2014,06,23,16,28,31.911,275,1
2014,06,23,16,28,31.911,276,1
2014,06,23,16,28,31.911,266,0
2014,06,23,16,28,31.911,267,0
2014,06,23,16,28,31.911,265,0
2014,06,23,16,28,32.397,268,0
2014,06,23,16,28,32.397,268,0
2014,06,23,16,28,32.397,267,0
2014,06,23,16,28,32.397,276,1
2014,06,23,16,28,32.397,275,1
2014,06,23,16,28,32.890,268,0
2014,06,23,16,28,32.890,275,1
2014,06,23,16,28,32.890,277,1
2014,06,23,16,28,32.890,266,0
2014,06,23,16,28,32.890,276,1
2014,06,23,16,28,33.372,266,0
2014,06,23,16,28,33.372,267,0
2014,06,23,16,28,33.372,276,1
2014,06,23,16,28,33.372,266,0
2014,06,23,16,28,33.372,274,1
2014,06,23,16,28,33.859,267,0
2014,06,23,16,28,33.859,265,0
2014,06,23,16,28,33.859,267,0
2014,06,23,16,28,33.859,275,1
2014,06,23,16,28,33.859,276,1
2014,06,23,16,28,34.354,275,1
2014,06,23,16,28,34.354,267,0
2014,06,23,16,28,34.354,268,0
2014,06,23,16,28,34.354,275,1
2014,06,23,16,28,34.354,267,0
2014,06,23,16,28,34.839,275,1
2014,06,23,16,28,34.839,275,1
2014,06,23,16,28,34.839,275,1
2014,06,23,16,28,34.839,268,0
2014,06,23,16,28,34.839,267,0
2014,06,23,16,28,35.337,266,0
2014,06,23,16,28,35.337,274,1
2014,06,23,16,28,35.337,276,1
2014,06,23,16,28,35.337,275,1
2014,06,23,16,28,35.337,275,1
2014,06,23,16,28,35.814,265,0
2014,06,23,16,28,35.814,276,1
2014,06,23,16,28,35.814,274,1
2014,06,23,16,28,35.814,267,0
2014,06,23,16,28,35.814,275,1
2014,06,23,16,28,36.314,265,0
2014,06,23,16,28,36.314,275,1
2014,06,23,16,28,36.314,266,0
2014,06,23,16,28,36.314,266,0
2014,06,23,16,28,36.314,275,1
2014,06,23,16,28,36.793,275,1
2014,06,23,16,28,36.793,273,1
2014,06,23,16,28,36.793,267,0
2014,06,23,16,28,36.793,267,0
2014,06,23,16,28,36.793,267,0
2014,06,23,16,28,37.283,266,0
2014,06,23,16,28,37.283,266,0
2014,06,23,16,28,37.283,276,1
2014,06,23,16,28,37.283,266,0
2014,06,23,16,28,37.283,276,1
2014,06,23,16,28,37.775,276,1
2014,06,23,16,28,37.775,265,0
2014,06,23,16,28,37.775,275,1
2014,06,23,16,28,37.775,265,0
2014,06,23,16,28,37.775,275,1
2014,06,23,16,28,38.256,266,0
2014,06,23,16,28,38.256,276,1
2014,06,23,16,28,38.256,265,0
2014,06,23,16,28,38.256,276,1
2014,06,23,16,28,38.256,266,0
2014,06,23,16,28,38.744,275,1
2014,06,23,16,28,38.744,277,1
2014,06,23,16,28,38.744,266,0
2014,06,23,16,28,38.744,275,1
2014,06,23,16,28,38.744,267,0
2014,06,23,16,28,39.236,276,1
2014,06,23,16,28,39.236,275,1
2014,06,23,16,28,39.236,265,0
2014,06,23,16,28,39.236,267,0
2014,06,23,16,28,39.236,268,0
2014,06,23,16,28,39.727,266,0
2014,06,23,16,28,39.727,275,1
2014,06,23,16,28,39.727,266,0
2014,06,23,16,28,39.727,274,1
2014,06,23,16,28,39.727,277,0
2014,06,23,16,28,40.207,267,0
2014,06,23,16,28,40.207,267,0
2014,06,23,16,28,40.207,276,1
2014,06,23,16,28,40.207,274,1
2014,06,23,16,28,40.207,267,0
2014,06,23,16,28,40.700,275,1
2014,06,23,16,28,40.700,275,1
2014,06,23,16,28,40.700,265,0
2014,06,23,16,28,40.700,275,1
2014,06,23,16,28,40.700,275,1
2014,06,23,16,28,41.184,267,0
2014,06,23,16,28,41.184,266,0
2014,06,23,16,28,41.184,274,1
2014,06,23,16,28,41.184,266,0
2014,06,23,16,28,41.184,267,0
2014,06,23,16,28,41.679,266,0
2014,06,23,16,28,41.679,274,1
2014,06,23,16,28,41.679,275,1
2014,06,23,16,28,41.679,265,0
2014,06,23,16,28,41.679,274,1
2014,06,23,16,28,42.161,275,1
2014,06,23,16,28,42.161,276,1
2014,06,23,16,28,42.161,274,1
2014,06,23,16,28,42.161,276,1
2014,06,23,16,28,42.161,266,0
2014,06,23,16,28,42.655,276,1
2014,06,23,16,28,42.655,266,0
2014,06,23,16,28,42.655,275,1
2014,06,23,16,28,42.655,275,1
2014,06,23,16,28,42.655,266,0
2014,06,23,16,28,43.141,275,1
2014,06,23,16,28,43.141,275,1
2014,06,23,16,28,43.141,276,1
2014,06,23,16,28,43.141,267,0
2014,06,23,16,28,43.141,275,1
2014,06,23,16,28,43.624,275,1
2014,06,23,16,28,43.624,268,0
2014,06,23,16,28,43.624,276,1
2014,06,23,16,28,43.624,266,0
2014,06,23,16,28,43.624,276,1
2014,06,23,16,28,44.115,266,0
2014,06,23,16,28,44.115,276,1
2014,06,23,16,28,44.115,276,1
2014,06,23,16,28,44.115,267,0
2014,06,23,16,28,44.115,267,0
2014,06,23,16,28,44.608,275,1
2014,06,23,16,28,44.608,266,0
2014,06,23,16,28,44.608,275,1
2014,06,23,16,28,44.608,275,1
2014,06,23,16,28,44.608,269,0
2014,06,23,16,28,45.092,266,0
2014,06,23,16,28,45.092,276,1
2014,06,23,16,28,45.092,266,0
2014,06,23,16,28,45.092,267,0
2014,06,23,16,28,45.092,267,0
2014,06,23,16,28,45.583,273,1
2014,06,23,16,28,45.583,266,0
2014,06,23,16,28,45.583,275,1
2014,06,23,16,28,45.583,266,0
2014,06,23,16,28,45.583,267,0
2014,06,23,16,28,46.072,275,1
2014,06,23,16,28,46.072,266,0
2014,06,23,16,28,46.072,276,1
2014,06,23,16,28,46.072,266,0
2014,06,23,16,28,46.072,266,0
2014,06,23,16,28,46.566,276,1
2014,06,23,16,28,46.566,276,1
2014,06,23,16,28,46.566,275,1
2014,06,23,16,28,46.566,265,0
2014,06,23,16,28,46.566,267,0
2014,06,23,16,28,47.047,277,1
2014,06,23,16,28,47.047,274,0
2014,06,23,16,28,47.047,266,0
2014,06,23,16,28,47.047,274,1
2014,06,23,16,28,47.047,265,0
2014,06,23,16,28,47.536,276,1
2014,06,23,16,28,47.536,267,0
2014,06,23,16,28,47.536,272,1
2014,06,23,16,28,47.536,275,0
2014,06,23,16,28,47.536,266,0
2014,06,23,16,28,48.020,266,0
2014,06,23,16,28,48.020,274,1
2014,06,23,16,28,48.020,275,1
2014,06,23,16,28,48.020,274,1
2014,06,23,16,28,48.020,274,1
2014,06,23,16,28,48.508,275,1
2014,06,23,16,28,48.508,267,0
2014,06,23,16,28,48.508,265,0
2014,06,23,16,28,48.508,266,0
2014,06,23,16,28,48.508,273,1
2014,06,23,16,28,48.995,276,0
2014,06,23,16,28,48.995,266,0
2014,06,23,16,28,48.995,274,1
2014,06,23,16,28,48.995,275,1
2014,06,23,16,28,48.995,275,1
2014,06,23,16,28,49.491,267,0
2014,06,23,16,28,49.491,267,0
2014,06,23,16,28,49.491,275,1
2014,06,23,16,28,49.491,276,1
2014,06,23,16,28,49.491,266,0
2014,06,23,16,28,49.978,274,1
2014,06,23,16,28,49.978,277,0
2014,06,23,16,28,49.978,266,0
2014,06,23,16,28,49.978,268,0
2014,06,23,16,28,49.978,276,1
2014,06,23,16,28,50.462,272,0
2014,06,23,16,28,50.462,266,0
2014,06,23,16,28,50.462,266,0
2014,06,23,16,28,50.462,275,1
2014,06,23,16,28,50.462,266,0
2014,06,23,16,28,50.955,274,1
2014,06,23,16,28,50.955,275,1
2014,06,23,16,28,50.955,265,0
2014,06,23,16,28,50.955,267,0
2014,06,23,16,28,50.955,266,0
2014,06,23,16,28,51.443,266,0
2014,06,23,16,28,51.443,267,0
2014,06,23,16,28,51.443,275,1
2014,06,23,16,28,51.443,266,0
2014,06,23,16,28,51.443,265,0
2014,06,23,16,28,51.933,275,1
2014,06,23,16,28,51.933,267,0
2014,06,23,16,28,51.933,276,1
2014,06,23,16,28,51.933,266,0
2014,06,23,16,28,51.933,267,0
2014,06,23,16,28,52.413,266,0
2014,06,23,16,28,52.413,276,1
2014,06,23,16,28,52.413,266,0
2014,06,23,16,28,52.413,275,1
2014,06,23,16,28,52.413,275,1
2014,06,23,16,28,52.911,266,0
2014,06,23,16,28,52.911,268,0
2014,06,23,16,28,52.911,276,1
2014,06,23,16,28,52.911,275,1
2014,06,23,16,28,52.911,267,0
2014,06,23,16,28,53.398,267,0
2014,06,23,16,28,53.398,266,0
2014,06,23,16,28,53.398,266,0
2014,06,23,16,28,53.398,276,1
2014,06,23,16,28,53.398,274,1
2014,06,23,16,28,53.885,276,1
2014,06,23,16,28,53.885,267,0
2014,06,23,16,28,53.885,265,0
2014,06,23,16,28,53.885,275,1
2014,06,23,16,28,53.885,265,0
2014,06,23,16,28,54.377,266,0
2014,06,23,16,28,54.377,276,1
2014,06,23,16,28,54.377,265,0
2014,06,23,16,28,54.377,276,1
2014,06,23,16,28,54.377,274,1
2014,06,23,16,28,54.857,274,1
2014,06,23,16,28,54.857,267,0
2014,06,23,16,28,54.857,276,1
2014,06,23,16,28,54.857,275,1
2014,06,23,16,28,54.857,276,1
2014,06,23,16,28,55.346,269,0
2014,06,23,16,28,55.346,266,0
2014,06,23,16,28,55.346,277,1
2014,06,23,16,28,55.346,274,0
2014,06,23,16,28,55.346,276,1
2014,06,23,16,28,55.836,266,0
2014,06,23,16,28,55.836,268,0
2014,06,23,16,28,55.836,276,1
2014,06,23,16,28,55.836,268,0
2014,06,23,16,28,55.836,277,1
2014,06,23,16,28,56.324,267,0
2014,06,23,16,28,56.324,276,1
2014,06,23,16,28,56.324,268,0
2014,06,23,16,28,56.324,267,0
2014,06,23,16,28,56.324,275,1
2014,06,23,16,28,56.813,274,1
2014,06,23,16,28,56.813,267,0
2014,06,23,16,28,56.813,267,0
2014,06,23,16,28,56.813,267,0
2014,06,23,16,28,56.813,267,0
2014,06,23,16,28,57.303,266,0
2014,06,23,16,28,57.303,275,1
2014,06,23,16,28,57.303,266,0
2014,06,23,16,28,57.303,275,1
2014,06,23,16,28,57.303,275,1
2014,06,23,16,28,57.786,267,0
2014,06,23,16,28,57.786,276,1
2014,06,23,16,28,57.786,268,0
2014,06,23,16,28,57.786,267,0
2014,06,23,16,28,57.786,276,1
2014,06,23,16,28,58.274,267,0
2014,06,23,16,28,58.274,275,1
2014,06,23,16,28,58.274,266,0
2014,06,23,16,28,58.274,267,0
2014,06,23,16,28,58.274,272,1
2014,06,23,16,28,58.769,276,1
2014,06,23,16,28,58.769,267,0
2014,06,23,16,28,58.769,275,1
2014,06,23,16,28,58.769,267,0
2014,06,23,16,28,58.769,265,0
2014,06,23,16,28,59.251,275,1
2014,06,23,16,28,59.251,267,0
2014,06,23,16,28,59.251,274,1
2014,06,23,16,28,59.251,275,1
2014,06,23,16,28,59.251,267,0
2014,06,23,16,28,59.741,267,0
2014,06,23,16,28,59.741,267,0
2014,06,23,16,28,59.741,267,0
2014,06,23,16,28,59.741,266,0
2014,06,23,16,28,59.741,268,0
2014,06,23,16,29,00.228,275,1
2014,06,23,16,29,00.228,266,0
2014,06,23,16,29,00.228,275,1
2014,06,23,16,29,00.228,275,1
2014,06,23,16,29,00.228,266,0
2014,06,23,16,29,00.720,275,1
2014,06,23,16,29,00.720,276,1
2014,06,23,16,29,00.720,275,1
2014,06,23,16,29,00.720,274,1
2014,06,23,16,29,00.720,267,0
2014,06,23,16,29,01.208,267,0
2014,06,23,16,29,01.208,267,0
2014,06,23,16,29,01.208,266,0
2014,06,23,16,29,01.208,266,0
2014,06,23,16,29,01.208,267,0
2014,06,23,16,29,01.691,267,0
2014,06,23,16,29,01.691,274,1
2014,06,23,16,29,01.691,267,0
2014,06,23,16,29,01.691,265,0
2014,06,23,16,29,01.691,267,0
2014,06,23,16,29,02.187,276,1
2014,06,23,16,29,02.187,266,0
2014,06,23,16,29,02.187,268,0
2014,06,23,16,29,02.187,267,0
2014,06,23,16,29,02.187,275,1
2014,06,23,16,29,02.686,266,0
2014,06,23,16,29,02.686,276,1
2014,06,23,16,29,02.686,268,0
2014,06,23,16,29,02.686,268,0
2014,06,23,16,29,02.686,267,0
2014,06,23,16,29,03.156,275,1
2014,06,23,16,29,03.156,274,1
2014,06,23,16,29,03.156,277,1
2014,06,23,16,29,03.156,266,0
2014,06,23,16,29,03.156,267,0
2014,06,23,16,29,03.652,276,1
2014,06,23,16,29,03.652,265,0
2014,06,23,16,29,03.652,267,0
2014,06,23,16,29,03.652,273,1
2014,06,23,16,29,03.652,277,1
2014,06,23,16,29,04.135,276,1
2014,06,23,16,29,04.135,268,0
2014,06,23,16,29,04.135,266,0
2014,06,23,16,29,04.135,277,1
2014,06,23,16,29,04.135,265,0
2014,06,23,16,29,04.637,276,1
2014,06,23,16,29,04.637,276,1
2014,06,23,16,29,04.637,275,1
2014,06,23,16,29,04.637,276,1
2014,06,23,16,29,04.637,267,0
2014,06,23,16,29,05.109,268,0
2014,06,23,16,29,05.109,275,1
2014,06,23,16,29,05.109,267,0
2014,06,23,16,29,05.109,275,1
2014,06,23,16,29,05.109,267,0
2014,06,23,16,29,05.600,275,1
2014,06,23,16,29,05.600,267,0
2014,06,23,16,29,05.600,266,0
2014,06,23,16,29,05.600,265,0
2014,06,23,16,29,05.600,276,1
2014,06,23,16,29,06.085,276,1
2014,06,23,16,29,06.085,265,0
2014,06,23,16,29,06.085,267,0
2014,06,23,16,29,06.085,265,0
2014,06,23,16,29,06.085,276,1
2014,06,23,16,29,06.576,267,0
2014,06,23,16,29,06.576,266,0
2014,06,23,16,29,06.576,267,0
2014,06,23,16,29,06.576,276,1
2014,06,23,16,29,06.576,277,1
2014,06,23,16,29,07.067,267,0
2014,06,23,16,29,07.067,276,1
2014,06,23,16,29,07.067,277,1
2014,06,23,16,29,07.067,274,1
2014,06,23,16,29,07.067,268,0
2014,06,23,16,29,07.557,267,0
2014,06,23,16,29,07.557,274,1
2014,06,23,16,29,07.557,276,1
2014,06,23,16,29,07.557,265,0
2014,06,23,16,29,07.557,276,1
2014,06,23,16,29,08.047,265,0
2014,06,23,16,29,08.047,267,0
2014,06,23,16,29,08.047,266,0
2014,06,23,16,29,08.047,266,0
2014,06,23,16,29,08.047,275,1
2014,06,23,16,29,08.529,267,0
2014,06,23,16,29,08.529,267,0
2014,06,23,16,29,08.529,275,1
2014,06,23,16,29,08.529,266,0
2014,06,23,16,29,08.529,266,0
2014,06,23,16,29,09.024,274,1
2014,06,23,16,29,09.024,275,1
2014,06,23,16,29,09.024,267,0
2014,06,23,16,29,09.024,273,1
2014,06,23,16,29,09.024,275,1
2014,06,23,16,29,09.506,265,0
2014,06,23,16,29,09.506,276,1
2014,06,23,16,29,09.506,266,0
2014,06,23,16,29,09.506,276,1
2014,06,23,16,29,09.506,267,0
2014,06,23,16,29,09.996,275,1
2014,06,23,16,29,09.996,267,0
2014,06,23,16,29,09.996,267,0
2014,06,23,16,29,09.996,275,1
2014,06,23,16,29,09.996,266,0
2014,06,23,16,29,10.487,275,1
2014,06,23,16,29,10.487,275,1
2014,06,23,16,29,10.487,266,0
2014,06,23,16,29,10.487,276,1
2014,06,23,16,29,10.487,274,1
2014,06,23,16,29,10.973,276,1
2014,06,23,16,29,10.973,275,1
2014,06,23,16,29,10.973,265,0
2014,06,23,16,29,10.973,276,1
2014,06,23,16,29,10.973,265,0
2014,06,23,16,29,11.461,267,0
2014,06,23,16,29,11.461,276,1
2014,06,23,16,29,11.461,275,1
2014,06,23,16,29,11.461,268,0
2014,06,23,16,29,11.461,267,0
2014,06,23,16,29,11.946,276,1
2014,06,23,16,29,11.946,276,1
2014,06,23,16,29,11.946,267,0
2014,06,23,16,29,11.946,275,1
2014,06,23,16,29,11.946,278,0
2014,06,23,16,29,12.433,275,1
2014,06,23,16,29,12.433,267,0
2014,06,23,16,29,12.433,266,0
2014,06,23,16,29,12.433,276,1
2014,06,23,16,29,12.433,266,0
2014,06,23,16,29,12.925,274,1
2014,06,23,16,29,12.925,275,1
2014,06,23,16,29,12.925,276,1
2014,06,23,16,29,12.925,266,0
2014,06,23,16,29,12.925,267,0
2014,06,23,16,29,13.410,266,0
2014,06,23,16,29,13.410,267,0
2014,06,23,16,29,13.410,276,1
2014,06,23,16,29,13.410,276,1
2014,06,23,16,29,13.410,274,1
2014,06,23,16,29,13.899,276,1
2014,06,23,16,29,13.899,277,1
2014,06,23,16,29,13.899,275,1
2014,06,23,16,29,13.899,276,1
2014,06,23,16,29,13.899,276,1
2014,06,23,16,29,14.394,275,1
2014,06,23,16,29,14.394,268,0
2014,06,23,16,29,14.394,276,1
2014,06,23,16,29,14.394,275,1
2014,06,23,16,29,14.394,267,0
2014,06,23,16,29,14.885,268,0
2014,06,23,16,29,14.885,267,0
2014,06,23,16,29,14.885,268,0
2014,06,23,16,29,14.885,276,1
2014,06,23,16,29,14.885,268,0
2014,06,23,16,29,15.363,267,0
2014,06,23,16,29,15.363,267,0
2014,06,23,16,29,15.363,275,1
2014,06,23,16,29,15.363,268,0
2014,06,23,16,29,15.363,267,0
2014,06,23,16,29,15.856,274,1
2014,06,23,16,29,15.856,267,0
2014,06,23,16,29,15.856,266,0
2014,06,23,16,29,15.856,276,1
2014,06,23,16,29,15.856,267,0
2014,06,23,16,29,16.343,275,1
2014,06,23,16,29,16.343,276,1
2014,06,23,16,29,16.343,266,0
2014,06,23,16,29,16.343,276,1
2014,06,23,16,29,16.343,266,0
2014,06,23,16,29,16.831,274,1
2014,06,23,16,29,16.831,275,1
2014,06,23,16,29,16.831,275,1
2014,06,23,16,29,16.831,266,0
2014,06,23,16,29,16.831,267,0
2014,06,23,16,29,17.318,276,1
2014,06,23,16,29,17.318,276,1
2014,06,23,16,29,17.318,267,0
2014,06,23,16,29,17.318,267,0
2014,06,23,16,29,17.318,275,1
2014,06,23,16,29,17.804,275,1
2014,06,23,16,29,17.804,266,0
2014,06,23,16,29,17.804,277,1
2014,06,23,16,29,17.804,266,0
2014,06,23,16,29,17.804,276,1
2014,06,23,16,29,18.302,268,0
2014,06,23,16,29,18.302,268,0
2014,06,23,16,29,18.302,277,1
2014,06,23,16,29,18.302,267,0
2014,06,23,16,29,18.302,276,1
2014,06,23,16,29,18.780,266,0
2014,06,23,16,29,18.780,266,0
2014,06,23,16,29,18.780,266,0
2014,06,23,16,29,18.780,267,0
2014,06,23,16,29,18.780,267,0
2014,06,23,16,29,19.274,268,0
2014,06,23,16,29,19.274,267,0
2014,06,23,16,29,19.274,268,0
2014,06,23,16,29,19.274,267,0
2014,06,23,16,29,19.274,277,1
2014,06,23,16,29,19.761,268,0
2014,06,23,16,29,19.761,275,1
2014,06,23,16,29,19.761,269,0
2014,06,23,16,29,19.761,274,1
2014,06,23,16,29,19.761,276,1
2014,06,23,16,29,20.247,266,0
2014,06,23,16,29,20.247,267,0
2014,06,23,16,29,20.247,266,0
2014,06,23,16,29,20.247,275,1
2014,06,23,16,29,20.247,268,0
2014,06,23,16,29,20.734,267,0
2014,06,23,16,29,20.734,275,1
2014,06,23,16,29,20.734,277,1
2014,06,23,16,29,20.734,267,0
2014,06,23,16,29,20.734,275,1
2014,06,23,16,29,21.225,276,1
2014,06,23,16,29,21.225,265,0
2014,06,23,16,29,21.225,276,1
2014,06,23,16,29,21.225,273,0
2014,06,23,16,29,21.225,275,1
2014,06,23,16,29,21.714,275,1
2014,06,23,16,29,21.714,276,1
2014,06,23,16,29,21.714,265,0
2014,06,23,16,29,21.714,266,0
2014,06,23,16,29,21.714,275,1
2014,06,23,16,29,22.208,275,1
2014,06,23,16,29,22.208,266,0
2014,06,23,16,29,22.208,267,0
2014,06,23,16,29,22.208,276,1
2014,06,23,16,29,22.208,268,0
2014,06,23,16,29,22.688,266,0
2014,06,23,16,29,22.688,265,0
2014,06,23,16,29,22.688,267,0
2014,06,23,16,29,22.688,267,0
2014,06,23,16,29,22.688,275,1
2014,06,23,16,29,23.185,267,0
2014,06,23,16,29,23.185,266,0
2014,06,23,16,29,23.185,267,0
2014,06,23,16,29,23.185,276,1
2014,06,23,16,29,23.185,276,1
2014,06,23,16,29,23.670,275,1
2014,06,23,16,29,23.670,267,0
2014,06,23,16,29,23.670,268,0
2014,06,23,16,29,23.670,276,1
2014,06,23,16,29,23.670,268,0
2014,06,23,16,29,24.160,276,1
2014,06,23,16,29,24.160,267,0
2014,06,23,16,29,24.160,266,0
2014,06,23,16,29,24.160,276,1
2014,06,23,16,29,24.160,267,0
2014,06,23,16,29,24.641,275,1
2014,06,23,16,29,24.641,267,0
2014,06,23,16,29,24.641,266,0
2014,06,23,16,29,24.641,276,1
2014,06,23,16,29,24.641,276,1
2014,06,23,16,29,25.127,266,0
2014,06,23,16,29,25.127,275,1
2014,06,23,16,29,25.127,266,0
2014,06,23,16,29,25.127,266,0
2014,06,23,16,29,25.127,266,0
2014,06,23,16,29,25.617,265,0
2014,06,23,16,29,25.617,276,1
2014,06,23,16,29,25.617,275,1
2014,06,23,16,29,25.617,275,1
2014,06,23,16,29,25.617,276,1
2014,06,23,16,29,26.106,275,1
2014,06,23,16,29,26.106,276,1
2014,06,23,16,29,26.106,267,0
2014,06,23,16,29,26.106,277,1
2014,06,23,16,29,26.106,266,0
2014,06,23,16,29,26.600,267,0
2014,06,23,16,29,26.600,275,1
2014,06,23,16,29,26.600,275,1
2014,06,23,16,29,26.600,267,0
2014,06,23,16,29,26.600,268,0
2014,06,23,16,29,27.086,267,0
2014,06,23,16,29,27.086,275,1
2014,06,23,16,29,27.086,276,1
2014,06,23,16,29,27.086,276,1
2014,06,23,16,29,27.086,266,0
2014,06,23,16,29,27.579,275,1
2014,06,23,16,29,27.579,277,1
2014,06,23,16,29,27.579,267,0
2014,06,23,16,29,27.579,276,1
2014,06,23,16,29,27.579,276,1
2014,06,23,16,29,28.060,267,0
2014,06,23,16,29,28.060,267,0
2014,06,23,16,29,28.060,268,0
2014,06,23,16,29,28.060,275,1
2014,06,23,16,29,28.060,275,1
2014,06,23,16,29,28.554,267,0
2014,06,23,16,29,28.554,275,1
2014,06,23,16,29,28.554,277,1
2014,06,23,16,29,28.554,266,0
2014,06,23,16,29,28.554,274,1
2014,06,23,16,29,29.035,276,1
2014,06,23,16,29,29.035,267,0
2014,06,23,16,29,29.035,276,1
2014,06,23,16,29,29.035,277,1
2014,06,23,16,29,29.035,267,0
2014,06,23,16,29,29.528,275,1
2014,06,23,16,29,29.528,268,0
2014,06,23,16,29,29.528,275,1
2014,06,23,16,29,29.528,275,1
2014,06,23,16,29,29.528,267,0
2014,06,23,16,29,30.018,266,0
2014,06,23,16,29,30.018,268,0
2014,06,23,16,29,30.018,266,0
2014,06,23,16,29,30.018,268,0
2014,06,23,16,29,30.018,276,1
2014,06,23,16,29,30.501,274,1
2014,06,23,16,29,30.501,276,1
2014,06,23,16,29,30.501,274,1
2014,06,23,16,29,30.501,275,1
2014,06,23,16,29,30.501,275,1
2014,06,23,16,29,30.996,268,0
2014,06,23,16,29,30.996,267,0
2014,06,23,16,29,30.996,268,0
2014,06,23,16,29,30.996,267,0
2014,06,23,16,29,30.996,275,1
2014,06,23,16,29,31.484,275,1
2014,06,23,16,29,31.484,268,0
2014,06,23,16,29,31.484,276,1
2014,06,23,16,29,31.484,266,0
2014,06,23,16,29,31.484,276,1
2014,06,23,16,29,31.966,275,1
2014,06,23,16,29,31.966,267,0
2014,06,23,16,29,31.966,268,0
2014,06,23,16,29,31.966,267,0
2014,06,23,16,29,31.966,267,0
2014,06,23,16,29,32.459,267,0
2014,06,23,16,29,32.459,276,1
2014,06,23,16,29,32.459,267,0
2014,06,23,16,29,32.459,275,1
2014,06,23,16,29,32.459,276,1
2014,06,23,16,29,32.944,268,0
2014,06,23,16,29,32.944,267,0
2014,06,23,16,29,32.944,268,0
2014,06,23,16,29,32.944,268,0
2014,06,23,16,29,32.944,266,0
2014,06,23,16,29,33.431,268,0
2014,06,23,16,29,33.431,270,0
2014,06,23,16,29,33.431,276,1
2014,06,23,16,29,33.431,279,0
2014,06,23,16,29,33.431,268,0
2014,06,23,16,29,33.929,277,1
2014,06,23,16,29,33.929,276,1
2014,06,23,16,29,33.929,278,1
2014,06,23,16,29,33.929,268,0
2014,06,23,16,29,33.929,268,0
2014,06,23,16,29,34.410,277,1
2014,06,23,16,29,34.410,267,0
2014,06,23,16,29,34.410,267,0
2014,06,23,16,29,34.410,276,1
2014,06,23,16,29,34.410,274,1
2014,06,23,16,29,34.897,275,1
2014,06,23,16,29,34.897,267,0
2014,06,23,16,29,34.897,267,0
2014,06,23,16,29,34.897,266,0
2014,06,23,16,29,34.897,276,1
2014,06,23,16,29,35.387,267,0
2014,06,23,16,29,35.387,266,0
2014,06,23,16,29,35.387,275,1
2014,06,23,16,29,35.387,275,1
2014,06,23,16,29,35.387,265,0
2014,06,23,16,29,35.873,276,1
2014,06,23,16,29,35.873,276,1
2014,06,23,16,29,35.873,267,0
2014,06,23,16,29,35.873,268,0
2014,06,23,16,29,35.873,267,0
2014,06,23,16,29,36.360,276,1
2014,06,23,16,29,36.360,275,1
2014,06,23,16,29,36.360,267,0
2014,06,23,16,29,36.360,266,0
2014,06,23,16,29,36.360,267,0
2014,06,23,16,29,36.850,268,0
2014,06,23,16,29,36.850,275,1
2014,06,23,16,29,36.850,278,0
2014,06,23,16,29,36.850,267,0
2014,06,23,16,29,36.850,276,1
2014,06,23,16,29,37.361,267,0
2014,06,23,16,29,37.361,276,1
2014,06,23,16,29,37.361,277,1
2014,06,23,16,29,37.361,275,1
2014,06,23,16,29,37.361,277,1
2014,06,23,16,29,37.826,277,1
2014,06,23,16,29,37.826,276,1
2014,06,23,16,29,37.826,278,1
2014,06,23,16,29,37.826,275,1
2014,06,23,16,29,37.826,268,0
2014,06,23,16,29,38.324,276,1
2014,06,23,16,29,38.324,267,0
2014,06,23,16,29,38.324,267,0
2014,06,23,16,29,38.324,276,1
2014,06,23,16,29,38.324,267,0
2014,06,23,16,29,38.802,275,1
2014,06,23,16,29,38.802,268,0
2014,06,23,16,29,38.802,268,0
2014,06,23,16,29,38.802,276,1
2014,06,23,16,29,38.802,267,0
2014,06,23,16,29,39.303,277,1
2014,06,23,16,29,39.303,275,1
2014,06,23,16,29,39.303,268,0
2014,06,23,16,29,39.303,265,0
2014,06,23,16,29,39.303,276,1
2014,06,23,16,29,39.781,266,0
2014,06,23,16,29,39.781,275,1
2014,06,23,16,29,39.781,276,1
2014,06,23,16,29,39.781,267,0
2014,06,23,16,29,39.781,268,0
2014,06,23,16,29,40.273,267,0
2014,06,23,16,29,40.273,268,0
2014,06,23,16,29,40.273,276,1
2014,06,23,16,29,40.273,275,1
2014,06,23,16,29,40.273,268,0
2014,06,23,16,29,40.760,277,1
2014,06,23,16,29,40.760,267,0
2014,06,23,16,29,40.760,266,0
2014,06,23,16,29,40.760,268,0
2014,06,23,16,29,40.760,276,1
2014,06,23,16,29,41.247,267,0
2014,06,23,16,29,41.247,267,0
2014,06,23,16,29,41.247,267,0
2014,06,23,16,29,41.247,275,1
2014,06,23,16,29,41.247,276,1
2014,06,23,16,29,41.736,268,0
2014,06,23,16,29,41.736,275,1
2014,06,23,16,29,41.736,275,1
2014,06,23,16,29,41.736,266,0
2014,06,23,16,29,41.736,275,1
2014,06,23,16,29,42.224,276,1
2014,06,23,16,29,42.224,265,0
2014,06,23,16,29,42.224,275,1
2014,06,23,16,29,42.224,266,0
2014,06,23,16,29,42.224,267,0
2014,06,23,16,29,42.710,265,0
2014,06,23,16,29,42.710,277,1
2014,06,23,16,29,42.710,275,1
2014,06,23,16,29,42.710,268,0
2014,06,23,16,29,42.710,276,1
2014,06,23,16,29,43.197,267,0
2014,06,23,16,29,43.197,275,1
2014,06,23,16,29,43.197,267,0
2014,06,23,16,29,43.197,267,0
2014,06,23,16,29,43.197,275,1
2014,06,23,16,29,43.692,267,0
2014,06,23,16,29,43.692,276,1
2014,06,23,16,29,43.692,267,0
2014,06,23,16,29,43.692,266,0
2014,06,23,16,29,43.692,267,0
2014,06,23,16,29,44.177,267,0
2014,06,23,16,29,44.177,275,1
2014,06,23,16,29,44.177,267,0
2014,06,23,16,29,44.177,275,1
2014,06,23,16,29,44.177,277,1
2014,06,23,16,29,44.665,267,0
2014,06,23,16,29,44.665,275,1
2014,06,23,16,29,44.665,265,0
2014,06,23,16,29,44.665,268,0
2014,06,23,16,29,44.665,266,0
2014,06,23,16,29,45.153,268,0
2014,06,23,16,29,45.153,266,0
2014,06,23,16,29,45.153,267,0
2014,06,23,16,29,45.153,267,0
2014,06,23,16,29,45.153,276,1
2014,06,23,16,29,45.643,266,0
2014,06,23,16,29,45.643,276,1
2014,06,23,16,29,45.643,276,1
2014,06,23,16,29,45.643,276,1
2014,06,23,16,29,45.643,267,0
2014,06,23,16,29,46.127,276,1
2014,06,23,16,29,46.127,276,1
2014,06,23,16,29,46.127,274,1
2014,06,23,16,29,46.127,268,0
2014,06,23,16,29,46.127,267,0
2014,06,23,16,29,46.613,268,0
2014,06,23,16,29,46.613,266,0
2014,06,23,16,29,46.613,276,1
2014,06,23,16,29,46.613,277,1
2014,06,23,16,29,46.613,266,0
2014,06,23,16,29,47.105,266,0
2014,06,23,16,29,47.105,266,0
2014,06,23,16,29,47.105,275,1
2014,06,23,16,29,47.105,275,1
2014,06,23,16,29,47.105,266,0
2014,06,23,16,29,47.592,276,1
2014,06,23,16,29,47.592,275,1
2014,06,23,16,29,47.592,267,0
2014,06,23,16,29,47.592,266,0
2014,06,23,16,29,47.592,276,1
2014,06,23,16,29,48.080,277,1
2014,06,23,16,29,48.080,266,0
2014,06,23,16,29,48.080,275,1
2014,06,23,16,29,48.080,275,1
2014,06,23,16,29,48.080,276,1
2014,06,23,16,29,48.573,276,1
2014,06,23,16,29,48.573,276,1
2014,06,23,16,29,48.573,275,1
2014,06,23,16,29,48.573,267,0
2014,06,23,16,29,48.573,266,0
2014,06,23,16,29,49.058,267,0
2014,06,23,16,29,49.058,276,1
2014,06,23,16,29,49.058,275,1
2014,06,23,16,29,49.058,267,0
2014,06,23,16,29,49.058,266,0
2014,06,23,16,29,49.542,275,1
2014,06,23,16,29,49.542,276,1
2014,06,23,16,29,49.542,266,0
2014,06,23,16,29,49.542,276,1
2014,06,23,16,29,49.542,268,0
2014,06,23,16,29,50.035,277,1
2014,06,23,16,29,50.035,274,0
2014,06,23,16,29,50.035,276,1
2014,06,23,16,29,50.035,267,0
2014,06,23,16,29,50.035,266,0
2014,06,23,16,29,50.519,275,1
2014,06,23,16,29,50.519,268,0
2014,06,23,16,29,50.519,268,0
2014,06,23,16,29,50.519,267,0
2014,06,23,16,29,50.519,269,0
2014,06,23,16,29,51.012,268,0
2014,06,23,16,29,51.012,267,0
2014,06,23,16,29,51.012,275,1
2014,06,23,16,29,51.012,276,1
2014,06,23,16,29,51.012,266,0
2014,06,23,16,29,51.496,268,0
2014,06,23,16,29,51.496,276,1
2014,06,23,16,29,51.496,276,1
2014,06,23,16,29,51.496,266,0
2014,06,23,16,29,51.496,267,0
2014,06,23,16,29,51.982,274,1
2014,06,23,16,29,51.982,266,0
2014,06,23,16,29,51.982,275,1
2014,06,23,16,29,51.982,266,0
2014,06,23,16,29,51.982,275,1
2014,06,23,16,29,52.475,265,0
2014,06,23,16,29,52.475,267,0
2014,06,23,16,29,52.475,275,1
2014,06,23,16,29,52.475,277,1
2014,06,23,16,29,52.475,267,0
2014,06,23,16,29,52.960,266,0
2014,06,23,16,29,52.960,275,1
2014,06,23,16,29,52.960,268,0
2014,06,23,16,29,52.960,267,0
2014,06,23,16,29,52.960,276,1
2014,06,23,16,29,53.455,275,1
2014,06,23,16,29,53.455,267,0
2014,06,23,16,29,53.455,267,0
2014,06,23,16,29,53.455,277,1
2014,06,23,16,29,53.455,275,1
2014,06,23,16,29,53.938,267,0
2014,06,23,16,29,53.938,276,1
2014,06,23,16,29,53.938,276,1
2014,06,23,16,29,53.938,267,0
2014,06,23,16,29,53.938,267,0
2014,06,23,16,29,54.428,267,0
2014,06,23,16,29,54.428,268,0
2014,06,23,16,29,54.428,275,1
2014,06,23,16,29,54.428,268,0
2014,06,23,16,29,54.428,266,0
2014,06,23,16,29,54.914,266,0
2014,06,23,16,29,54.914,276,1
2014,06,23,16,29,54.914,265,0
2014,06,23,16,29,54.914,277,1
2014,06,23,16,29,54.914,267,0
2014,06,23,16,29,55.406,267,0
2014,06,23,16,29,55.406,267,0
2014,06,23,16,29,55.406,277,1
2014,06,23,16,29,55.406,267,0
2014,06,23,16,29,55.406,268,0
2014,06,23,16,29,55.892,268,0
2014,06,23,16,29,55.892,275,1
2014,06,23,16,29,55.892,268,0
2014,06,23,16,29,55.892,267,0
2014,06,23,16,29,55.892,267,0
2014,06,23,16,29,56.380,268,0
2014,06,23,16,29,56.380,267,0
2014,06,23,16,29,56.380,275,1
2014,06,23,16,29,56.380,277,1
2014,06,23,16,29,56.380,275,1
2014,06,23,16,29,56.870,267,0
2014,06,23,16,29,56.870,277,1
2014,06,23,16,29,56.870,269,0
2014,06,23,16,29,56.870,268,0
2014,06,23,16,29,56.870,268,0
2014,06,23,16,29,57.353,275,1
2014,06,23,16,29,57.353,275,1
2014,06,23,16,29,57.353,276,1
2014,06,23,16,29,57.353,267,0
2014,06,23,16,29,57.353,266,0
2014,06,23,16,29,57.846,268,0
2014,06,23,16,29,57.846,276,1
2014,06,23,16,29,57.846,268,0
2014,06,23,16,29,57.846,267,0
2014,06,23,16,29,57.846,266,0
2014,06,23,16,29,58.339,267,0
2014,06,23,16,29,58.339,267,0
2014,06,23,16,29,58.339,276,1
2014,06,23,16,29,58.339,275,1
2014,06,23,16,29,58.339,268,0
2014,06,23,16,29,58.827,267,0
2014,06,23,16,29,58.827,276,1
2014,06,23,16,29,58.827,275,1
2014,06,23,16,29,58.827,277,1
2014,06,23,16,29,58.827,275,1
2014,06,23,16,29,59.312,267,0
2014,06,23,16,29,59.312,276,1
2014,06,23,16,29,59.312,277,1
2014,06,23,16,29,59.312,268,0
2014,06,23,16,29,59.312,277,1
2014,06,23,16,29,59.798,276,1
2014,06,23,16,29,59.798,266,0
2014,06,23,16,29,59.798,266,0
2014,06,23,16,29,59.798,267,0
2014,06,23,16,29,59.798,266,0
2014,06,23,16,30,00.288,276,1
2014,06,23,16,30,00.288,275,1
2014,06,23,16,30,00.288,268,0
2014,06,23,16,30,00.288,275,1
2014,06,23,16,30,00.288,276,1
2014,06,23,16,30,00.774,276,1
2014,06,23,16,30,00.774,274,1
2014,06,23,16,30,00.774,277,1
2014,06,23,16,30,00.774,276,1
2014,06,23,16,30,00.774,267,0
2014,06,23,16,30,01.267,266,0
2014,06,23,16,30,01.267,268,0
2014,06,23,16,30,01.267,275,1
2014,06,23,16,30,01.267,277,1
2014,06,23,16,30,01.267,267,0
2014,06,23,16,30,01.749,275,1
2014,06,23,16,30,01.749,276,1
2014,06,23,16,30,01.749,267,0
2014,06,23,16,30,01.749,276,1
2014,06,23,16,30,01.749,267,0
2014,06,23,16,30,02.244,265,0
2014,06,23,16,30,02.244,275,1
2014,06,23,16,30,02.244,275,1
2014,06,23,16,30,02.244,276,1
2014,06,23,16,30,02.244,276,1
2014,06,23,16,30,02.726,267,0
2014,06,23,16,30,02.726,267,0
2014,06,23,16,30,02.726,276,1
2014,06,23,16,30,02.726,266,0
2014,06,23,16,30,02.726,267,0
2014,06,23,16,30,03.221,267,0
2014,06,23,16,30,03.221,268,0
2014,06,23,16,30,03.221,277,1
2014,06,23,16,30,03.221,276,1
2014,06,23,16,30,03.221,275,1
2014,06,23,16,30,03.705,275,1
2014,06,23,16,30,03.705,267,0
2014,06,23,16,30,03.705,275,1
2014,06,23,16,30,03.705,267,0
2014,06,23,16,30,03.705,276,1
2014,06,23,16,30,04.196,277,1
2014,06,23,16,30,04.196,275,1
2014,06,23,16,30,04.196,277,1
2014,06,23,16,30,04.196,267,0
2014,06,23,16,30,04.196,267,0
2014,06,23,16,30,04.685,275,1
2014,06,23,16,30,04.685,268,0
2014,06,23,16,30,04.685,266,0
2014,06,23,16,30,04.685,267,0
2014,06,23,16,30,04.685,268,0
2014,06,23,16,30,05.175,267,0
2014,06,23,16,30,05.175,267,0
2014,06,23,16,30,05.175,267,0
2014,06,23,16,30,05.175,267,0
2014,06,23,16,30,05.175,267,0
2014,06,23,16,30,05.658,268,0
2014,06,23,16,30,05.658,266,0
2014,06,23,16,30,05.658,267,0
2014,06,23,16,30,05.658,266,0
2014,06,23,16,30,05.658,266,0
2014,06,23,16,30,06.150,267,0
2014,06,23,16,30,06.150,266,0
2014,06,23,16,30,06.150,268,0
2014,06,23,16,30,06.150,268,0
2014,06,23,16,30,06.150,266,0
2014,06,23,16,30,06.629,266,0
2014,06,23,16,30,06.629,267,0
2014,06,23,16,30,06.629,267,0
2014,06,23,16,30,06.629,267,0
2014,06,23,16,30,06.629,266,0
