2014,06,10,16,44,09.745,104,53611
2014,06,10,16,44,09.745,100,53711
2014,06,10,16,44,09.745,96,53811
2014,06,10,16,44,09.745,95,53911
2014,06,10,16,44,09.745,94,54011
2014,06,10,16,44,10.229,94,54112
2014,06,10,16,44,10.229,92,54210
2014,06,10,16,44,10.229,89,54310
2014,06,10,16,44,10.229,86,54410
2014,06,10,16,44,10.229,85,54510
2014,06,10,16,44,10.715,92,54611
2014,06,10,16,44,10.715,120,54711
2014,06,10,16,44,10.715,131,54811
2014,06,10,16,44,10.715,149,54910
2014,06,10,16,44,10.715,167,55010
2014,06,10,16,44,11.197,170,55111
2014,06,10,16,44,11.197,181,55211
2014,06,10,16,44,11.197,185,55311
2014,06,10,16,44,11.197,187,55411
2014,06,10,16,44,11.197,185,55511
2014,06,10,16,44,11.685,188,55611
2014,06,10,16,44,11.685,186,55711
2014,06,10,16,44,11.685,187,55811
2014,06,10,16,44,11.685,187,55911
2014,06,10,16,44,11.685,187,56011
2014,06,10,16,44,12.176,187,56112
2014,06,10,16,44,12.176,188,56210
2014,06,10,16,44,12.176,187,56310
2014,06,10,16,44,12.176,186,56410
2014,06,10,16,44,12.176,187,56510
2014,06,10,16,44,12.668,188,56611
2014,06,10,16,44,12.668,188,56711
2014,06,10,16,44,12.668,187,56811
2014,06,10,16,44,12.668,188,56911
2014,06,10,16,44,12.668,188,57010
2014,06,10,16,44,13.152,187,57111
2014,06,10,16,44,13.152,189,57211
2014,06,10,16,44,13.152,187,57311
2014,06,10,16,44,13.152,188,57411
2014,06,10,16,44,13.152,187,57510
2014,06,10,16,44,13.639,189,57611
2014,06,10,16,44,13.639,189,57711
2014,06,10,16,44,13.639,187,57811
2014,06,10,16,44,13.639,188,57911
2014,06,10,16,44,13.639,188,58011
2014,06,10,16,44,14.137,188,58111
2014,06,10,16,44,14.137,189,58211
2014,06,10,16,44,14.137,189,58311
2014,06,10,16,44,14.137,188,58411
2014,06,10,16,44,14.137,188,58511
2014,06,10,16,44,14.618,190,58612
2014,06,10,16,44,14.618,187,58710
2014,06,10,16,44,14.618,189,58810
2014,06,10,16,44,14.618,189,58910
2014,06,10,16,44,14.618,188,59010
2014,06,10,16,44,15.109,188,59111
2014,06,10,16,44,15.109,188,59211
2014,06,10,16,44,15.109,188,59311
2014,06,10,16,44,15.109,188,59411
2014,06,10,16,44,15.109,188,59511
2014,06,10,16,44,15.598,188,59612
2014,06,10,16,44,15.598,188,59710
2014,06,10,16,44,15.598,188,59810
2014,06,10,16,44,15.598,186,59910
2014,06,10,16,44,15.598,187,60010
2014,06,10,16,44,16.083,187,60111
2014,06,10,16,44,16.083,188,60211
2014,06,10,16,44,16.083,186,60311
2014,06,10,16,44,16.083,187,60411
2014,06,10,16,44,16.083,186,60511
2014,06,10,16,44,16.572,186,60612
2014,06,10,16,44,16.572,186,60710
2014,06,10,16,44,16.572,187,60810
2014,06,10,16,44,16.572,186,60910
2014,06,10,16,44,16.572,187,61010
2014,06,10,16,44,17.061,187,61111
2014,06,10,16,44,17.061,189,61211
2014,06,10,16,44,17.061,189,61310
2014,06,10,16,44,17.061,186,61410
2014,06,10,16,44,17.061,187,61510
2014,06,10,16,44,17.560,187,61611
2014,06,10,16,44,17.560,186,61711
2014,06,10,16,44,17.560,188,61811
2014,06,10,16,44,17.560,187,61911
2014,06,10,16,44,17.560,188,62011
2014,06,10,16,44,18.040,188,62112
2014,06,10,16,44,18.040,187,62210
2014,06,10,16,44,18.040,186,62310
2014,06,10,16,44,18.040,169,62410
2014,06,10,16,44,18.040,139,62510
2014,06,10,16,44,18.530,95,62611
2014,06,10,16,44,18.530,118,62711
2014,06,10,16,44,18.530,119,62811
2014,06,10,16,44,18.530,123,62911
2014,06,10,16,44,18.530,136,63011
2014,06,10,16,44,19.013,145,63112
2014,06,10,16,44,19.013,155,63210
2014,06,10,16,44,19.013,164,63310
2014,06,10,16,44,19.013,172,63410
2014,06,10,16,44,19.013,172,63510
2014,06,10,16,44,19.502,172,63611
2014,06,10,16,44,19.502,174,63711
2014,06,10,16,44,19.502,174,63811
2014,06,10,16,44,19.502,176,63911
2014,06,10,16,44,19.502,178,64011
2014,06,10,16,44,19.991,172,64112
2014,06,10,16,44,19.991,166,64210
2014,06,10,16,44,19.991,178,64310
2014,06,10,16,44,19.991,186,64410
2014,06,10,16,44,19.991,188,64511
2014,06,10,16,44,20.485,187,64612
2014,06,10,16,44,20.485,188,64710
2014,06,10,16,44,20.485,188,64810
2014,06,10,16,44,20.485,189,64910
2014,06,10,16,44,20.485,187,65010
2014,06,10,16,44,20.972,187,65111
2014,06,10,16,44,20.972,183,65211
2014,06,10,16,44,20.972,110,65311
2014,06,10,16,44,20.972,67,65411
2014,06,10,16,44,20.972,58,65511
2014,06,10,16,44,21.460,53,76
2014,06,10,16,44,21.460,49,174
2014,06,10,16,44,21.460,46,274
2014,06,10,16,44,21.460,50,374
2014,06,10,16,44,21.460,57,474
2014,06,10,16,44,21.947,138,575
2014,06,10,16,44,21.947,188,675
2014,06,10,16,44,21.947,188,775
2014,06,10,16,44,21.947,188,875
2014,06,10,16,44,21.947,188,975
2014,06,10,16,44,22.435,187,1076
2014,06,10,16,44,22.435,187,1174
2014,06,10,16,44,22.435,188,1274
2014,06,10,16,44,22.435,187,1374
2014,06,10,16,44,22.435,187,1474
2014,06,10,16,44,22.917,188,1575
2014,06,10,16,44,22.917,187,1675
2014,06,10,16,44,22.917,187,1775
2014,06,10,16,44,22.917,188,1875
2014,06,10,16,44,22.917,187,1975
2014,06,10,16,44,23.414,186,2076
2014,06,10,16,44,23.414,187,2174
2014,06,10,16,44,23.414,187,2275
2014,06,10,16,44,23.414,187,2375
2014,06,10,16,44,23.414,186,2475
2014,06,10,16,44,23.891,187,2576
2014,06,10,16,44,23.891,188,2674
2014,06,10,16,44,23.891,188,2774
2014,06,10,16,44,23.891,187,2874
2014,06,10,16,44,23.891,187,2974
2014,06,10,16,44,24.386,187,3075
2014,06,10,16,44,24.386,189,3175
2014,06,10,16,44,24.386,186,3275
2014,06,10,16,44,24.386,187,3375
2014,06,10,16,44,24.386,187,3475
2014,06,10,16,44,24.870,187,3576
2014,06,10,16,44,24.870,188,3674
2014,06,10,16,44,24.870,187,3774
2014,06,10,16,44,24.870,187,3874
2014,06,10,16,44,24.870,188,3974
2014,06,10,16,44,25.364,188,4075
2014,06,10,16,44,25.364,188,4175
2014,06,10,16,44,25.364,187,4275
2014,06,10,16,44,25.364,189,4375
2014,06,10,16,44,25.364,188,4475
2014,06,10,16,44,25.856,187,4576
2014,06,10,16,44,25.856,189,4674
2014,06,10,16,44,25.856,187,4774
2014,06,10,16,44,25.856,187,4874
2014,06,10,16,44,25.856,187,4974
2014,06,10,16,44,26.340,187,5075
2014,06,10,16,44,26.340,188,5175
2014,06,10,16,44,26.340,186,5275
2014,06,10,16,44,26.340,187,5375
2014,06,10,16,44,26.340,186,5474
2014,06,10,16,44,26.825,189,5575
2014,06,10,16,44,26.825,188,5675
2014,06,10,16,44,26.825,187,5775
2014,06,10,16,44,26.825,188,5875
2014,06,10,16,44,26.825,187,5975
2014,06,10,16,44,27.315,186,6076
2014,06,10,16,44,27.315,187,6174
2014,06,10,16,44,27.315,188,6274
2014,06,10,16,44,27.315,187,6374
2014,06,10,16,44,27.315,187,6474
2014,06,10,16,44,27.804,187,6575
2014,06,10,16,44,27.804,186,6675
2014,06,10,16,44,27.804,188,6775
2014,06,10,16,44,27.804,187,6875
2014,06,10,16,44,27.804,187,6975
2014,06,10,16,44,28.290,187,7076
2014,06,10,16,44,28.290,188,7174
2014,06,10,16,44,28.290,187,7274
2014,06,10,16,44,28.290,186,7374
2014,06,10,16,44,28.290,187,7474
2014,06,10,16,44,28.776,188,7575
2014,06,10,16,44,28.776,187,7675
2014,06,10,16,44,28.776,188,7775
2014,06,10,16,44,28.776,187,7875
2014,06,10,16,44,28.776,186,7975
2014,06,10,16,44,29.273,187,8076
2014,06,10,16,44,29.273,187,8174
2014,06,10,16,44,29.273,188,8274
2014,06,10,16,44,29.273,187,8374
2014,06,10,16,44,29.273,187,8474
2014,06,10,16,44,29.758,186,8575
2014,06,10,16,44,29.758,187,8674
2014,06,10,16,44,29.758,187,8774
2014,06,10,16,44,29.758,188,8874
2014,06,10,16,44,29.758,187,8974
2014,06,10,16,44,30.243,188,9075
2014,06,10,16,44,30.243,188,9175
2014,06,10,16,44,30.243,187,9275
2014,06,10,16,44,30.243,188,9375
2014,06,10,16,44,30.243,186,9475
2014,06,10,16,44,30.734,187,9576
2014,06,10,16,44,30.734,187,9674
2014,06,10,16,44,30.734,187,9774
2014,06,10,16,44,30.734,187,9874
2014,06,10,16,44,30.734,186,9974
2014,06,10,16,44,31.226,188,10075
2014,06,10,16,44,31.226,187,10175
2014,06,10,16,44,31.226,189,10275
2014,06,10,16,44,31.226,186,10375
2014,06,10,16,44,31.226,188,10475
2014,06,10,16,44,31.704,188,10576
2014,06,10,16,44,31.704,187,10674
2014,06,10,16,44,31.704,189,10774
2014,06,10,16,44,31.704,187,10874
2014,06,10,16,44,31.704,188,10974
2014,06,10,16,44,32.200,187,11075
2014,06,10,16,44,32.200,188,11175
2014,06,10,16,44,32.200,188,11275
2014,06,10,16,44,32.200,188,11375
2014,06,10,16,44,32.200,188,11475
2014,06,10,16,44,32.684,187,11576
2014,06,10,16,44,32.684,188,11674
2014,06,10,16,44,32.684,186,11774
2014,06,10,16,44,32.684,186,11875
2014,06,10,16,44,32.684,188,11975
2014,06,10,16,44,33.173,187,12076
2014,06,10,16,44,33.173,187,12174
2014,06,10,16,44,33.173,187,12274
2014,06,10,16,44,33.173,188,12374
2014,06,10,16,44,33.173,187,12474
2014,06,10,16,44,33.660,186,12575
2014,06,10,16,44,33.660,187,12675
2014,06,10,16,44,33.660,187,12775
2014,06,10,16,44,33.660,188,12875
2014,06,10,16,44,33.660,187,12975
2014,06,10,16,44,34.147,187,13076
2014,06,10,16,44,34.147,187,13174
2014,06,10,16,44,34.147,187,13274
2014,06,10,16,44,34.147,188,13374
2014,06,10,16,44,34.147,187,13474
2014,06,10,16,44,34.636,188,13575
2014,06,10,16,44,34.636,186,13675
2014,06,10,16,44,34.636,188,13775
2014,06,10,16,44,34.636,188,13875
2014,06,10,16,44,34.636,188,13975
2014,06,10,16,44,35.132,187,14076
2014,06,10,16,44,35.132,188,14174
2014,06,10,16,44,35.132,188,14274
2014,06,10,16,44,35.132,188,14374
2014,06,10,16,44,35.132,189,14474
2014,06,10,16,44,35.610,187,14575
2014,06,10,16,44,35.610,186,14675
2014,06,10,16,44,35.610,188,14775
2014,06,10,16,44,35.610,188,14875
2014,06,10,16,44,35.610,187,14975
2014,06,10,16,44,36.108,187,15076
2014,06,10,16,44,36.108,188,15175
2014,06,10,16,44,36.108,188,15275
2014,06,10,16,44,36.108,186,15375
2014,06,10,16,44,36.108,188,15475
2014,06,10,16,44,36.597,188,15576
2014,06,10,16,44,36.597,188,15674
2014,06,10,16,44,36.597,187,15774
2014,06,10,16,44,36.597,189,15874
2014,06,10,16,44,36.597,187,15974
2014,06,10,16,44,37.078,187,16075
2014,06,10,16,44,37.078,187,16175
2014,06,10,16,44,37.078,188,16275
2014,06,10,16,44,37.078,187,16375
2014,06,10,16,44,37.078,188,16475
2014,06,10,16,44,37.570,188,16576
2014,06,10,16,44,37.570,188,16674
2014,06,10,16,44,37.570,187,16774
2014,06,10,16,44,37.570,188,16874
2014,06,10,16,44,37.570,187,16974
2014,06,10,16,44,38.053,187,17075
2014,06,10,16,44,38.053,188,17175
2014,06,10,16,44,38.053,186,17275
2014,06,10,16,44,38.053,188,17375
2014,06,10,16,44,38.053,186,17475
2014,06,10,16,44,38.545,187,17576
2014,06,10,16,44,38.545,187,17674
2014,06,10,16,44,38.545,189,17774
2014,06,10,16,44,38.545,186,17874
2014,06,10,16,44,38.545,188,17974
2014,06,10,16,44,39.037,189,18075
2014,06,10,16,44,39.037,188,18175
2014,06,10,16,44,39.037,187,18275
2014,06,10,16,44,39.037,186,18374
2014,06,10,16,44,39.037,188,18474
2014,06,10,16,44,39.518,188,18575
2014,06,10,16,44,39.518,188,18675
2014,06,10,16,44,39.518,187,18775
2014,06,10,16,44,39.518,187,18875
2014,06,10,16,44,39.518,189,18975
2014,06,10,16,44,40.014,189,19076
2014,06,10,16,44,40.014,188,19174
2014,06,10,16,44,40.014,187,19274
2014,06,10,16,44,40.014,189,19374
2014,06,10,16,44,40.014,188,19474
2014,06,10,16,44,40.500,187,19575
2014,06,10,16,44,40.500,187,19675
2014,06,10,16,44,40.500,188,19775
2014,06,10,16,44,40.500,188,19875
2014,06,10,16,44,40.500,188,19975
2014,06,10,16,44,40.991,187,20076
2014,06,10,16,44,40.991,186,20174
2014,06,10,16,44,40.991,187,20274
2014,06,10,16,44,40.991,187,20374
2014,06,10,16,44,40.991,187,20474
2014,06,10,16,44,41.476,188,20575
2014,06,10,16,44,41.476,188,20675
2014,06,10,16,44,41.476,188,20775
2014,06,10,16,44,41.476,188,20875
2014,06,10,16,44,41.476,187,20975
2014,06,10,16,44,41.966,186,21076
2014,06,10,16,44,41.966,188,21174
2014,06,10,16,44,41.966,187,21274
2014,06,10,16,44,41.966,187,21374
2014,06,10,16,44,41.966,187,21474
2014,06,10,16,44,42.454,187,21576
2014,06,10,16,44,42.454,187,21674
2014,06,10,16,44,42.454,187,21774
2014,06,10,16,44,42.454,187,21874
2014,06,10,16,44,42.454,188,21974
2014,06,10,16,44,42.941,187,22075
2014,06,10,16,44,42.941,187,22175
2014,06,10,16,44,42.941,187,22275
2014,06,10,16,44,42.941,189,22375
2014,06,10,16,44,42.941,186,22475
2014,06,10,16,44,43.429,186,22576
2014,06,10,16,44,43.429,187,22674
2014,06,10,16,44,43.429,188,22774
2014,06,10,16,44,43.429,189,22874
2014,06,10,16,44,43.429,188,22974
2014,06,10,16,44,43.922,188,23075
2014,06,10,16,44,43.922,187,23175
2014,06,10,16,44,43.922,188,23275
2014,06,10,16,44,43.922,186,23375
2014,06,10,16,44,43.922,188,23475
2014,06,10,16,44,44.400,187,23576
2014,06,10,16,44,44.400,187,23674
2014,06,10,16,44,44.400,188,23774
2014,06,10,16,44,44.400,188,23874
2014,06,10,16,44,44.400,187,23974
2014,06,10,16,44,44.887,187,24075
2014,06,10,16,44,44.887,188,24175
2014,06,10,16,44,44.887,188,24275
2014,06,10,16,44,44.887,189,24375
2014,06,10,16,44,44.887,188,24475
2014,06,10,16,44,45.385,188,24576
2014,06,10,16,44,45.385,186,24674
2014,06,10,16,44,45.385,187,24775
2014,06,10,16,44,45.385,187,24875
2014,06,10,16,44,45.385,188,24975
2014,06,10,16,44,45.869,187,25076
2014,06,10,16,44,45.869,187,25174
2014,06,10,16,44,45.869,188,25274
2014,06,10,16,44,45.869,188,25374
2014,06,10,16,44,45.869,187,25474
2014,06,10,16,44,46.363,187,25575
2014,06,10,16,44,46.363,186,25675
2014,06,10,16,44,46.363,187,25775
2014,06,10,16,44,46.363,188,25875
2014,06,10,16,44,46.363,186,25975
2014,06,10,16,44,46.842,187,26076
2014,06,10,16,44,46.842,187,26174
2014,06,10,16,44,46.842,188,26274
2014,06,10,16,44,46.842,188,26374
2014,06,10,16,44,46.842,188,26474
2014,06,10,16,44,47.338,187,26575
2014,06,10,16,44,47.338,188,26675
2014,06,10,16,44,47.338,187,26775
2014,06,10,16,44,47.338,188,26875
2014,06,10,16,44,47.338,189,26975
2014,06,10,16,44,47.819,188,27076
2014,06,10,16,44,47.819,187,27174
2014,06,10,16,44,47.819,187,27274
2014,06,10,16,44,47.819,188,27374
2014,06,10,16,44,47.819,187,27474
2014,06,10,16,44,48.311,188,27575
2014,06,10,16,44,48.311,187,27675
2014,06,10,16,44,48.311,187,27775
2014,06,10,16,44,48.311,188,27875
2014,06,10,16,44,48.311,188,27975
2014,06,10,16,44,48.804,187,28075
2014,06,10,16,44,48.804,188,28175
2014,06,10,16,44,48.804,188,28275
2014,06,10,16,44,48.804,188,28375
2014,06,10,16,44,48.804,188,28475
2014,06,10,16,44,49.284,188,28576
2014,06,10,16,44,49.284,188,28674
2014,06,10,16,44,49.284,186,28774
2014,06,10,16,44,49.284,187,28874
2014,06,10,16,44,49.284,188,28974
2014,06,10,16,44,49.778,188,29075
2014,06,10,16,44,49.778,188,29175
2014,06,10,16,44,49.778,188,29275
2014,06,10,16,44,49.778,187,29375
2014,06,10,16,44,49.778,189,29475
2014,06,10,16,44,50.265,187,29576
2014,06,10,16,44,50.265,186,29674
2014,06,10,16,44,50.265,188,29774
2014,06,10,16,44,50.265,185,29874
2014,06,10,16,44,50.265,187,29974
2014,06,10,16,44,50.756,187,30075
2014,06,10,16,44,50.756,188,30175
2014,06,10,16,44,50.756,188,30275
2014,06,10,16,44,50.756,188,30375
2014,06,10,16,44,50.756,188,30475
2014,06,10,16,44,51.237,189,30576
2014,06,10,16,44,51.237,187,30674
2014,06,10,16,44,51.237,188,30774
2014,06,10,16,44,51.237,186,30874
2014,06,10,16,44,51.237,187,30974
2014,06,10,16,44,51.733,188,31075
2014,06,10,16,44,51.733,189,31175
2014,06,10,16,44,51.733,188,31274
2014,06,10,16,44,51.733,188,31374
2014,06,10,16,44,51.733,188,31474
2014,06,10,16,44,52.220,189,31575
2014,06,10,16,44,52.220,188,31675
2014,06,10,16,44,52.220,188,31775
2014,06,10,16,44,52.220,188,31875
2014,06,10,16,44,52.220,186,31975
2014,06,10,16,44,52.705,187,32076
2014,06,10,16,44,52.705,188,32174
2014,06,10,16,44,52.705,188,32274
2014,06,10,16,44,52.705,187,32374
2014,06,10,16,44,52.705,187,32474
2014,06,10,16,44,53.197,188,32575
2014,06,10,16,44,53.197,187,32675
2014,06,10,16,44,53.197,188,32775
2014,06,10,16,44,53.197,188,32875
2014,06,10,16,44,53.197,187,32975
2014,06,10,16,44,53.678,186,33076
2014,06,10,16,44,53.678,187,33174
2014,06,10,16,44,53.678,188,33274
2014,06,10,16,44,53.678,187,33374
2014,06,10,16,44,53.678,187,33474
2014,06,10,16,44,54.165,188,33575
2014,06,10,16,44,54.165,188,33675
2014,06,10,16,44,54.165,188,33775
2014,06,10,16,44,54.165,188,33875
2014,06,10,16,44,54.165,188,33975
2014,06,10,16,44,54.656,188,34076
2014,06,10,16,44,54.656,188,34174
2014,06,10,16,44,54.656,187,34274
2014,06,10,16,44,54.656,187,34374
2014,06,10,16,44,54.656,187,34475
2014,06,10,16,44,55.146,188,34576
2014,06,10,16,44,55.146,186,34674
2014,06,10,16,44,55.146,188,34774
2014,06,10,16,44,55.146,188,34874
2014,06,10,16,44,55.146,187,34974
2014,06,10,16,44,55.633,187,35075
2014,06,10,16,44,55.633,187,35175
2014,06,10,16,44,55.633,188,35275
2014,06,10,16,44,55.633,187,35375
2014,06,10,16,44,55.633,187,35475
2014,06,10,16,44,56.119,187,35576
2014,06,10,16,44,56.119,188,35674
2014,06,10,16,44,56.119,188,35774
2014,06,10,16,44,56.119,187,35874
2014,06,10,16,44,56.119,188,35974
2014,06,10,16,44,56.617,187,36075
2014,06,10,16,44,56.617,187,36175
2014,06,10,16,44,56.617,187,36275
2014,06,10,16,44,56.617,187,36375
2014,06,10,16,44,56.617,188,36475
2014,06,10,16,44,57.095,187,36576
2014,06,10,16,44,57.095,188,36674
2014,06,10,16,44,57.095,187,36774
2014,06,10,16,44,57.095,188,36874
2014,06,10,16,44,57.095,187,36974
2014,06,10,16,44,57.590,188,37075
2014,06,10,16,44,57.590,187,37175
2014,06,10,16,44,57.590,189,37275
2014,06,10,16,44,57.590,188,37375
2014,06,10,16,44,57.590,188,37475
2014,06,10,16,44,58.075,188,37576
2014,06,10,16,44,58.075,187,37675
2014,06,10,16,44,58.075,187,37775
2014,06,10,16,44,58.075,189,37875
2014,06,10,16,44,58.075,187,37975
2014,06,10,16,44,58.569,187,38076
2014,06,10,16,44,58.569,189,38174
2014,06,10,16,44,58.569,186,38274
2014,06,10,16,44,58.569,189,38374
2014,06,10,16,44,58.569,187,38474
2014,06,10,16,44,59.049,187,38575
2014,06,10,16,44,59.049,187,38675
2014,06,10,16,44,59.049,188,38775
2014,06,10,16,44,59.049,187,38875
2014,06,10,16,44,59.049,187,38975
2014,06,10,16,44,59.535,187,39076
2014,06,10,16,44,59.535,187,39174
2014,06,10,16,44,59.535,188,39274
2014,06,10,16,44,59.535,189,39374
2014,06,10,16,44,59.535,186,39474
2014,06,10,16,45,00.025,188,39575
2014,06,10,16,45,00.025,188,39675
2014,06,10,16,45,00.025,188,39775
2014,06,10,16,45,00.025,188,39875
2014,06,10,16,45,00.025,188,39975
2014,06,10,16,45,00.516,188,40076
2014,06,10,16,45,00.516,188,40174
2014,06,10,16,45,00.516,187,40274
2014,06,10,16,45,00.516,188,40374
2014,06,10,16,45,00.516,188,40474
2014,06,10,16,45,01.010,187,40575
2014,06,10,16,45,01.010,186,40675
2014,06,10,16,45,01.010,187,40775
2014,06,10,16,45,01.010,187,40875
2014,06,10,16,45,01.010,187,40974
2014,06,10,16,45,01.498,186,41075
2014,06,10,16,45,01.498,188,41175
2014,06,10,16,45,01.498,188,41275
2014,06,10,16,45,01.498,187,41375
2014,06,10,16,45,01.498,187,41475
2014,06,10,16,45,01.975,187,41576
2014,06,10,16,45,01.975,187,41674
2014,06,10,16,45,01.975,188,41774
2014,06,10,16,45,01.975,188,41874
2014,06,10,16,45,01.975,187,41974
2014,06,10,16,45,02.470,188,42075
2014,06,10,16,45,02.470,188,42175
2014,06,10,16,45,02.470,188,42275
2014,06,10,16,45,02.470,186,42375
2014,06,10,16,45,02.470,189,42475
2014,06,10,16,45,02.960,188,42576
2014,06,10,16,45,02.960,188,42674
2014,06,10,16,45,02.960,187,42774
2014,06,10,16,45,02.960,187,42874
2014,06,10,16,45,02.960,188,42974
2014,06,10,16,45,03.451,189,43075
2014,06,10,16,45,03.451,187,43175
2014,06,10,16,45,03.451,187,43275
2014,06,10,16,45,03.451,188,43375
2014,06,10,16,45,03.451,187,43475
2014,06,10,16,45,03.936,188,43576
2014,06,10,16,45,03.936,188,43674
2014,06,10,16,45,03.936,187,43774
2014,06,10,16,45,03.936,187,43874
2014,06,10,16,45,03.936,188,43974
2014,06,10,16,45,04.425,188,44075
2014,06,10,16,45,04.425,188,44174
2014,06,10,16,45,04.425,188,44274
2014,06,10,16,45,04.425,187,44374
2014,06,10,16,45,04.425,189,44474
2014,06,10,16,45,04.915,188,44575
2014,06,10,16,45,04.915,189,44675
2014,06,10,16,45,04.915,188,44775
2014,06,10,16,45,04.915,187,44875
2014,06,10,16,45,04.915,188,44975
2014,06,10,16,45,05.398,187,45076
2014,06,10,16,45,05.398,187,45174
2014,06,10,16,45,05.398,187,45274
2014,06,10,16,45,05.398,189,45374
2014,06,10,16,45,05.398,186,45474
2014,06,10,16,45,05.892,189,45575
2014,06,10,16,45,05.892,188,45675
2014,06,10,16,45,05.892,188,45775
2014,06,10,16,45,05.892,188,45875
2014,06,10,16,45,05.892,190,45975
2014,06,10,16,45,06.374,188,46076
2014,06,10,16,45,06.374,188,46174
2014,06,10,16,45,06.374,188,46274
2014,06,10,16,45,06.374,188,46374
2014,06,10,16,45,06.374,187,46474
2014,06,10,16,45,06.868,188,46575
2014,06,10,16,45,06.868,189,46675
2014,06,10,16,45,06.868,188,46775
2014,06,10,16,45,06.868,187,46875
2014,06,10,16,45,06.868,188,46975
2014,06,10,16,45,07.355,186,47076
2014,06,10,16,45,07.355,187,47174
2014,06,10,16,45,07.355,188,47274
2014,06,10,16,45,07.355,188,47375
2014,06,10,16,45,07.355,189,47475
2014,06,10,16,45,07.844,188,47576
2014,06,10,16,45,07.844,189,47674
2014,06,10,16,45,07.844,189,47774
2014,06,10,16,45,07.844,186,47874
2014,06,10,16,45,07.844,188,47974
2014,06,10,16,45,08.336,188,48075
2014,06,10,16,45,08.336,187,48175
2014,06,10,16,45,08.336,187,48275
2014,06,10,16,45,08.336,189,48375
2014,06,10,16,45,08.336,186,48475
2014,06,10,16,45,08.819,188,48576
2014,06,10,16,45,08.819,187,48674
2014,06,10,16,45,08.819,188,48774
2014,06,10,16,45,08.819,188,48874
2014,06,10,16,45,08.819,188,48974
2014,06,10,16,45,09.307,188,49075
2014,06,10,16,45,09.307,189,49175
2014,06,10,16,45,09.307,187,49275
2014,06,10,16,45,09.307,187,49375
2014,06,10,16,45,09.307,188,49475
2014,06,10,16,45,09.798,187,49576
2014,06,10,16,45,09.798,187,49674
2014,06,10,16,45,09.798,187,49774
2014,06,10,16,45,09.798,188,49874
2014,06,10,16,45,09.798,186,49974
2014,06,10,16,45,10.294,187,50075
2014,06,10,16,45,10.294,188,50175
2014,06,10,16,45,10.294,188,50275
2014,06,10,16,45,10.294,189,50375
2014,06,10,16,45,10.294,188,50475
2014,06,10,16,45,10.768,187,50575
2014,06,10,16,45,10.768,187,50675
2014,06,10,16,45,10.768,188,50775
2014,06,10,16,45,10.768,187,50875
2014,06,10,16,45,10.768,187,50975
2014,06,10,16,45,11.262,187,51076
2014,06,10,16,45,11.262,188,51174
2014,06,10,16,45,11.262,189,51274
2014,06,10,16,45,11.262,188,51374
2014,06,10,16,45,11.262,189,51474
2014,06,10,16,45,11.750,188,51575
2014,06,10,16,45,11.750,188,51675
2014,06,10,16,45,11.750,188,51775
2014,06,10,16,45,11.750,187,51875
2014,06,10,16,45,11.750,187,51975
2014,06,10,16,45,12.244,187,52076
2014,06,10,16,45,12.244,187,52174
2014,06,10,16,45,12.244,188,52274
2014,06,10,16,45,12.244,187,52374
2014,06,10,16,45,12.244,187,52474
2014,06,10,16,45,12.725,189,52575
2014,06,10,16,45,12.725,189,52675
2014,06,10,16,45,12.725,187,52775
2014,06,10,16,45,12.725,188,52875
2014,06,10,16,45,12.725,188,52975
2014,06,10,16,45,13.209,186,53076
2014,06,10,16,45,13.209,187,53174
2014,06,10,16,45,13.209,187,53274
2014,06,10,16,45,13.209,187,53374
2014,06,10,16,45,13.209,188,53474
2014,06,10,16,45,13.707,188,53575
2014,06,10,16,45,13.707,188,53675
2014,06,10,16,45,13.707,188,53775
2014,06,10,16,45,13.707,188,53874
2014,06,10,16,45,13.707,188,53974
2014,06,10,16,45,14.194,188,54075
2014,06,10,16,45,14.194,188,54175
2014,06,10,16,45,14.194,188,54275
2014,06,10,16,45,14.194,188,54375
2014,06,10,16,45,14.194,188,54475
2014,06,10,16,45,14.679,186,54576
2014,06,10,16,45,14.679,187,54674
2014,06,10,16,45,14.679,188,54774
2014,06,10,16,45,14.679,187,54874
2014,06,10,16,45,14.679,187,54974
2014,06,10,16,45,15.168,188,55075
2014,06,10,16,45,15.168,188,55175
2014,06,10,16,45,15.168,187,55275
2014,06,10,16,45,15.168,186,55375
2014,06,10,16,45,15.168,187,55475
2014,06,10,16,45,15.656,188,55576
2014,06,10,16,45,15.656,187,55674
2014,06,10,16,45,15.656,187,55774
2014,06,10,16,45,15.656,188,55874
2014,06,10,16,45,15.656,188,55974
2014,06,10,16,45,16.145,187,56075
2014,06,10,16,45,16.145,188,56175
2014,06,10,16,45,16.145,188,56275
2014,06,10,16,45,16.145,189,56375
2014,06,10,16,45,16.145,188,56475
2014,06,10,16,45,16.632,188,56576
2014,06,10,16,45,16.632,187,56674
2014,06,10,16,45,16.632,188,56774
2014,06,10,16,45,16.632,186,56874
2014,06,10,16,45,16.632,187,56974
2014,06,10,16,45,17.121,187,57076
2014,06,10,16,45,17.121,188,57174
2014,06,10,16,45,17.121,189,57274
2014,06,10,16,45,17.121,188,57374
2014,06,10,16,45,17.121,188,57474
2014,06,10,16,45,17.606,190,57575
2014,06,10,16,45,17.606,187,57675
2014,06,10,16,45,17.606,187,57775
2014,06,10,16,45,17.606,187,57875
2014,06,10,16,45,17.606,186,57975
2014,06,10,16,45,18.100,189,58076
2014,06,10,16,45,18.100,189,58174
2014,06,10,16,45,18.100,189,58274
2014,06,10,16,45,18.100,188,58374
2014,06,10,16,45,18.100,188,58474
2014,06,10,16,45,18.586,188,58575
2014,06,10,16,45,18.586,188,58675
2014,06,10,16,45,18.586,187,58775
2014,06,10,16,45,18.586,188,58875
2014,06,10,16,45,18.586,187,58975
2014,06,10,16,45,19.074,186,59076
2014,06,10,16,45,19.074,188,59174
2014,06,10,16,45,19.074,188,59274
2014,06,10,16,45,19.074,188,59374
2014,06,10,16,45,19.074,189,59474
2014,06,10,16,45,19.561,189,59575
2014,06,10,16,45,19.561,188,59675
2014,06,10,16,45,19.561,188,59775
2014,06,10,16,45,19.561,187,59875
2014,06,10,16,45,19.561,188,59975
2014,06,10,16,45,20.054,187,60076
2014,06,10,16,45,20.054,187,60174
2014,06,10,16,45,20.054,189,60275
2014,06,10,16,45,20.054,188,60375
2014,06,10,16,45,20.054,189,60475
2014,06,10,16,45,20.539,189,60576
2014,06,10,16,45,20.539,189,60674
2014,06,10,16,45,20.539,188,60774
2014,06,10,16,45,20.539,187,60874
2014,06,10,16,45,20.539,188,60974
2014,06,10,16,45,21.033,187,61075
2014,06,10,16,45,21.033,187,61175
2014,06,10,16,45,21.033,187,61275
2014,06,10,16,45,21.033,188,61375
2014,06,10,16,45,21.033,189,61475
2014,06,10,16,45,21.518,189,61576
2014,06,10,16,45,21.518,188,61674
2014,06,10,16,45,21.518,187,61774
2014,06,10,16,45,21.518,187,61874
2014,06,10,16,45,21.518,187,61974
2014,06,10,16,45,22.004,189,62075
2014,06,10,16,45,22.004,188,62175
2014,06,10,16,45,22.004,187,62275
2014,06,10,16,45,22.004,188,62375
2014,06,10,16,45,22.004,188,62475
2014,06,10,16,45,22.493,186,62576
2014,06,10,16,45,22.493,187,62674
2014,06,10,16,45,22.493,187,62774
2014,06,10,16,45,22.493,188,62874
2014,06,10,16,45,22.493,187,62974
2014,06,10,16,45,22.980,187,63075
2014,06,10,16,45,22.980,187,63175
2014,06,10,16,45,22.980,188,63275
2014,06,10,16,45,22.980,188,63375
2014,06,10,16,45,22.980,187,63474
2014,06,10,16,45,23.465,188,63575
2014,06,10,16,45,23.465,187,63675
2014,06,10,16,45,23.465,187,63775
2014,06,10,16,45,23.465,189,63875
2014,06,10,16,45,23.465,188,63975
2014,06,10,16,45,23.957,188,64076
2014,06,10,16,45,23.957,187,64174
2014,06,10,16,45,23.957,187,64274
2014,06,10,16,45,23.957,188,64374
2014,06,10,16,45,23.957,187,64474
2014,06,10,16,45,24.439,188,64575
2014,06,10,16,45,24.439,188,64675
2014,06,10,16,45,24.439,187,64775
2014,06,10,16,45,24.439,186,64875
2014,06,10,16,45,24.439,187,64975
2014,06,10,16,45,24.932,187,65076
2014,06,10,16,45,24.932,188,65174
2014,06,10,16,45,24.932,188,65274
2014,06,10,16,45,24.932,189,65374
2014,06,10,16,45,24.932,188,65474
2014,06,10,16,45,25.415,188,39
2014,06,10,16,45,25.415,189,139
2014,06,10,16,45,25.415,187,239
2014,06,10,16,45,25.415,188,339
2014,06,10,16,45,25.415,188,439
2014,06,10,16,45,25.904,187,540
2014,06,10,16,45,25.904,187,638
2014,06,10,16,45,25.904,187,738
2014,06,10,16,45,25.904,187,838
2014,06,10,16,45,25.904,188,938
2014,06,10,16,45,26.398,188,1039
2014,06,10,16,45,26.398,188,1139
2014,06,10,16,45,26.398,187,1238
2014,06,10,16,45,26.398,188,1338
2014,06,10,16,45,26.398,188,1438
2014,06,10,16,45,26.884,187,1539
2014,06,10,16,45,26.884,188,1639
2014,06,10,16,45,26.884,189,1739
2014,06,10,16,45,26.884,189,1839
2014,06,10,16,45,26.884,189,1939
2014,06,10,16,45,27.369,189,2040
2014,06,10,16,45,27.369,190,2138
2014,06,10,16,45,27.369,189,2238
2014,06,10,16,45,27.369,188,2338
2014,06,10,16,45,27.369,187,2438
2014,06,10,16,45,27.863,188,2539
2014,06,10,16,45,27.863,188,2639
2014,06,10,16,45,27.863,186,2739
2014,06,10,16,45,27.863,188,2839
2014,06,10,16,45,27.863,188,2939
2014,06,10,16,45,28.350,188,3040
2014,06,10,16,45,28.350,187,3138
2014,06,10,16,45,28.350,187,3238
2014,06,10,16,45,28.350,187,3338
2014,06,10,16,45,28.350,187,3438
2014,06,10,16,45,28.841,187,3539
2014,06,10,16,45,28.841,188,3639
2014,06,10,16,45,28.841,187,3739
2014,06,10,16,45,28.841,189,3839
2014,06,10,16,45,28.841,188,3939
2014,06,10,16,45,29.331,189,4040
2014,06,10,16,45,29.331,188,4138
2014,06,10,16,45,29.331,188,4238
2014,06,10,16,45,29.331,189,4338
2014,06,10,16,45,29.331,188,4439
2014,06,10,16,45,29.812,189,4540
2014,06,10,16,45,29.812,189,4638
2014,06,10,16,45,29.812,187,4738
2014,06,10,16,45,29.812,188,4838
2014,06,10,16,45,29.812,188,4938
2014,06,10,16,45,30.298,188,5039
2014,06,10,16,45,30.298,187,5139
2014,06,10,16,45,30.298,188,5239
2014,06,10,16,45,30.298,189,5339
2014,06,10,16,45,30.298,188,5439
2014,06,10,16,45,30.785,187,5540
2014,06,10,16,45,30.785,187,5638
2014,06,10,16,45,30.785,188,5738
2014,06,10,16,45,30.785,189,5838
2014,06,10,16,45,30.785,188,5938
2014,06,10,16,45,31.277,187,6039
2014,06,10,16,45,31.277,188,6139
2014,06,10,16,45,31.277,188,6239
2014,06,10,16,45,31.277,187,6339
2014,06,10,16,45,31.277,187,6439
2014,06,10,16,45,31.768,187,6540
2014,06,10,16,45,31.768,188,6638
2014,06,10,16,45,31.768,186,6738
2014,06,10,16,45,31.768,197,6838
2014,06,10,16,45,31.768,198,6938
2014,06,10,16,45,32.252,199,7039
2014,06,10,16,45,32.252,198,7139
2014,06,10,16,45,32.252,197,7239
2014,06,10,16,45,32.252,198,7339
2014,06,10,16,45,32.252,199,7439
2014,06,10,16,45,32.745,198,7540
2014,06,10,16,45,32.745,198,7639
2014,06,10,16,45,32.745,197,7739
2014,06,10,16,45,32.745,198,7839
2014,06,10,16,45,32.745,199,7939
2014,06,10,16,45,33.236,196,8040
2014,06,10,16,45,33.236,197,8138
2014,06,10,16,45,33.236,198,8238
2014,06,10,16,45,33.236,197,8338
2014,06,10,16,45,33.236,198,8438
2014,06,10,16,45,33.720,197,8539
2014,06,10,16,45,33.720,198,8639
2014,06,10,16,45,33.720,197,8739
2014,06,10,16,45,33.720,198,8839
2014,06,10,16,45,33.720,199,8939
2014,06,10,16,45,34.203,198,9040
2014,06,10,16,45,34.203,199,9138
2014,06,10,16,45,34.203,198,9238
2014,06,10,16,45,34.203,198,9338
2014,06,10,16,45,34.203,198,9438
2014,06,10,16,45,34.701,199,9539
2014,06,10,16,45,34.701,199,9639
2014,06,10,16,45,34.701,199,9739
2014,06,10,16,45,34.701,199,9839
2014,06,10,16,45,34.701,198,9939
2014,06,10,16,45,35.180,198,10040
2014,06,10,16,45,35.180,197,10138
2014,06,10,16,45,35.180,199,10238
2014,06,10,16,45,35.180,198,10338
2014,06,10,16,45,35.180,197,10438
2014,06,10,16,45,35.674,199,10539
2014,06,10,16,45,35.674,199,10639
2014,06,10,16,45,35.674,198,10739
2014,06,10,16,45,35.674,197,10838
2014,06,10,16,45,35.674,199,10938
2014,06,10,16,45,36.162,199,11039
2014,06,10,16,45,36.162,199,11139
2014,06,10,16,45,36.162,198,11239
2014,06,10,16,45,36.162,198,11339
2014,06,10,16,45,36.162,199,11439
2014,06,10,16,45,36.648,198,11540
2014,06,10,16,45,36.648,198,11638
2014,06,10,16,45,36.648,199,11738
2014,06,10,16,45,36.648,199,11838
2014,06,10,16,45,36.648,200,11938
2014,06,10,16,45,37.142,198,12039
2014,06,10,16,45,37.142,198,12139
2014,06,10,16,45,37.142,199,12239
2014,06,10,16,45,37.142,197,12339
2014,06,10,16,45,37.142,199,12439
2014,06,10,16,45,37.623,198,12540
2014,06,10,16,45,37.623,198,12638
2014,06,10,16,45,37.623,199,12738
2014,06,10,16,45,37.623,198,12838
2014,06,10,16,45,37.623,198,12938
2014,06,10,16,45,38.120,198,13039
2014,06,10,16,45,38.120,199,13139
2014,06,10,16,45,38.120,199,13239
2014,06,10,16,45,38.120,197,13339
2014,06,10,16,45,38.120,198,13439
2014,06,10,16,45,38.604,198,13540
2014,06,10,16,45,38.604,199,13638
2014,06,10,16,45,38.604,200,13738
2014,06,10,16,45,38.604,199,13838
2014,06,10,16,45,38.604,198,13938
2014,06,10,16,45,39.090,197,14039
2014,06,10,16,45,39.090,198,14138
2014,06,10,16,45,39.090,188,14238
2014,06,10,16,45,39.090,189,14338
2014,06,10,16,45,39.090,188,14438
2014,06,10,16,45,39.576,188,14539
2014,06,10,16,45,39.576,188,14639
2014,06,10,16,45,39.576,189,14739
2014,06,10,16,45,39.576,187,14839
2014,06,10,16,45,39.576,188,14939
2014,06,10,16,45,40.065,188,15040
2014,06,10,16,45,40.065,188,15138
2014,06,10,16,45,40.065,197,15238
2014,06,10,16,45,40.065,196,15338
2014,06,10,16,45,40.065,197,15438
2014,06,10,16,45,40.557,198,15539
2014,06,10,16,45,40.557,198,15639
2014,06,10,16,45,40.557,198,15739
2014,06,10,16,45,40.557,197,15839
2014,06,10,16,45,40.557,198,15939
2014,06,10,16,45,41.040,197,16040
2014,06,10,16,45,41.040,199,16138
2014,06,10,16,45,41.040,198,16238
2014,06,10,16,45,41.040,199,16338
2014,06,10,16,45,41.040,199,16438
2014,06,10,16,45,41.528,199,16539
2014,06,10,16,45,41.528,198,16639
2014,06,10,16,45,41.528,198,16739
2014,06,10,16,45,41.528,198,16839
2014,06,10,16,45,41.528,196,16939
2014,06,10,16,45,42.018,199,17040
2014,06,10,16,45,42.018,198,17138
2014,06,10,16,45,42.018,198,17238
2014,06,10,16,45,42.018,198,17339
2014,06,10,16,45,42.018,198,17439
2014,06,10,16,45,42.503,197,17540
2014,06,10,16,45,42.503,196,17638
2014,06,10,16,45,42.503,197,17738
2014,06,10,16,45,42.503,199,17838
2014,06,10,16,45,42.503,199,17938
2014,06,10,16,45,42.999,198,18039
2014,06,10,16,45,42.999,198,18139
2014,06,10,16,45,42.999,198,18239
2014,06,10,16,45,42.999,198,18339
2014,06,10,16,45,42.999,198,18439
2014,06,10,16,45,43.485,198,18540
2014,06,10,16,45,43.485,198,18638
2014,06,10,16,45,43.485,199,18738
2014,06,10,16,45,43.485,199,18838
2014,06,10,16,45,43.485,200,18938
2014,06,10,16,45,43.973,198,19039
2014,06,10,16,45,43.973,197,19139
2014,06,10,16,45,43.973,198,19239
2014,06,10,16,45,43.973,199,19339
2014,06,10,16,45,43.973,198,19439
2014,06,10,16,45,44.463,198,19540
2014,06,10,16,45,44.463,199,19638
2014,06,10,16,45,44.463,199,19738
2014,06,10,16,45,44.463,199,19838
2014,06,10,16,45,44.463,199,19938
2014,06,10,16,45,44.950,200,20039
2014,06,10,16,45,44.950,197,20139
2014,06,10,16,45,44.950,198,20239
2014,06,10,16,45,44.950,198,20339
2014,06,10,16,45,44.950,199,20439
2014,06,10,16,45,45.434,198,20539
2014,06,10,16,45,45.434,198,20639
2014,06,10,16,45,45.434,198,20739
2014,06,10,16,45,45.434,196,20839
2014,06,10,16,45,45.434,197,20939
2014,06,10,16,45,45.920,200,21040
2014,06,10,16,45,45.920,199,21138
2014,06,10,16,45,45.920,198,21238
2014,06,10,16,45,45.920,197,21338
2014,06,10,16,45,45.920,197,21438
2014,06,10,16,45,46.420,198,21539
2014,06,10,16,45,46.420,198,21639
2014,06,10,16,45,46.420,198,21739
2014,06,10,16,45,46.420,197,21839
2014,06,10,16,45,46.420,197,21939
2014,06,10,16,45,46.900,198,22040
2014,06,10,16,45,46.900,197,22138
2014,06,10,16,45,46.900,197,22238
2014,06,10,16,45,46.900,197,22338
2014,06,10,16,45,46.900,198,22438
2014,06,10,16,45,47.394,198,22539
2014,06,10,16,45,47.394,198,22639
2014,06,10,16,45,47.394,199,22739
2014,06,10,16,45,47.394,199,22839
2014,06,10,16,45,47.394,197,22939
2014,06,10,16,45,47.880,198,23040
2014,06,10,16,45,47.880,197,23138
2014,06,10,16,45,47.880,197,23238
2014,06,10,16,45,47.880,197,23338
2014,06,10,16,45,47.880,198,23438
2014,06,10,16,45,48.365,198,23539
2014,06,10,16,45,48.365,199,23639
2014,06,10,16,45,48.365,198,23738
2014,06,10,16,45,48.365,198,23838
2014,06,10,16,45,48.365,198,23938
2014,06,10,16,45,48.861,198,24039
2014,06,10,16,45,48.861,198,24139
2014,06,10,16,45,48.861,198,24239
2014,06,10,16,45,48.861,198,24339
2014,06,10,16,45,48.861,199,24439
2014,06,10,16,45,49.342,198,24540
2014,06,10,16,45,49.342,199,24638
2014,06,10,16,45,49.342,199,24738
2014,06,10,16,45,49.342,199,24838
2014,06,10,16,45,49.342,198,24938
2014,06,10,16,45,49.829,197,25039
2014,06,10,16,45,49.829,198,25139
2014,06,10,16,45,49.829,197,25239
2014,06,10,16,45,49.829,197,25339
2014,06,10,16,45,49.829,197,25439
2014,06,10,16,45,50.324,197,25540
2014,06,10,16,45,50.324,198,25638
2014,06,10,16,45,50.324,198,25738
2014,06,10,16,45,50.324,198,25838
2014,06,10,16,45,50.324,199,25938
2014,06,10,16,45,50.809,198,26039
2014,06,10,16,45,50.809,199,26139
2014,06,10,16,45,50.809,198,26239
2014,06,10,16,45,50.809,199,26339
2014,06,10,16,45,50.809,197,26439
2014,06,10,16,45,51.296,198,26540
2014,06,10,16,45,51.296,199,26638
2014,06,10,16,45,51.296,198,26738
2014,06,10,16,45,51.296,199,26838
2014,06,10,16,45,51.296,199,26938
2014,06,10,16,45,51.789,198,27040
2014,06,10,16,45,51.789,199,27138
2014,06,10,16,45,51.789,187,27238
2014,06,10,16,45,51.789,187,27338
2014,06,10,16,45,51.789,187,27438
2014,06,10,16,45,52.273,188,27539
2014,06,10,16,45,52.273,188,27639
2014,06,10,16,45,52.273,189,27739
2014,06,10,16,45,52.273,187,27839
2014,06,10,16,45,52.273,187,27939
2014,06,10,16,45,52.762,188,28040
2014,06,10,16,45,52.762,187,28138
2014,06,10,16,45,52.762,188,28238
2014,06,10,16,45,52.762,197,28338
2014,06,10,16,45,52.762,198,28438
2014,06,10,16,45,53.254,198,28539
2014,06,10,16,45,53.254,199,28639
2014,06,10,16,45,53.254,198,28739
2014,06,10,16,45,53.254,198,28839
2014,06,10,16,45,53.254,198,28939
2014,06,10,16,45,53.738,199,29040
2014,06,10,16,45,53.738,199,29138
2014,06,10,16,45,53.738,199,29238
2014,06,10,16,45,53.738,196,29338
2014,06,10,16,45,53.738,197,29438
2014,06,10,16,45,54.224,199,29539
2014,06,10,16,45,54.224,198,29639
2014,06,10,16,45,54.224,198,29739
2014,06,10,16,45,54.224,198,29839
2014,06,10,16,45,54.224,199,29939
2014,06,10,16,45,54.718,198,30040
2014,06,10,16,45,54.718,198,30138
2014,06,10,16,45,54.718,198,30239
2014,06,10,16,45,54.718,199,30339
2014,06,10,16,45,54.718,197,30439
2014,06,10,16,45,55.202,198,30540
2014,06,10,16,45,55.202,197,30638
2014,06,10,16,45,55.202,198,30738
2014,06,10,16,45,55.202,198,30838
2014,06,10,16,45,55.202,198,30938
2014,06,10,16,45,55.690,198,31039
2014,06,10,16,45,55.690,198,31139
2014,06,10,16,45,55.690,198,31239
2014,06,10,16,45,55.690,197,31339
2014,06,10,16,45,55.690,199,31439
2014,06,10,16,45,56.182,198,31540
2014,06,10,16,45,56.182,198,31638
2014,06,10,16,45,56.182,197,31738
2014,06,10,16,45,56.182,198,31838
2014,06,10,16,45,56.182,198,31938
2014,06,10,16,45,56.664,199,32039
2014,06,10,16,45,56.664,199,32139
2014,06,10,16,45,56.664,199,32239
2014,06,10,16,45,56.664,198,32339
2014,06,10,16,45,56.664,199,32439
2014,06,10,16,45,57.160,197,32540
2014,06,10,16,45,57.160,198,32638
2014,06,10,16,45,57.160,199,32738
2014,06,10,16,45,57.160,199,32838
2014,06,10,16,45,57.160,199,32938
2014,06,10,16,45,57.648,197,33039
2014,06,10,16,45,57.648,198,33139
2014,06,10,16,45,57.648,197,33239
2014,06,10,16,45,57.648,196,33339
2014,06,10,16,45,57.648,198,33438
2014,06,10,16,45,58.144,199,33539
2014,06,10,16,45,58.144,197,33639
2014,06,10,16,45,58.144,199,33739
2014,06,10,16,45,58.144,200,33839
2014,06,10,16,45,58.144,198,33939
2014,06,10,16,45,58.619,197,34040
2014,06,10,16,45,58.619,197,34138
2014,06,10,16,45,58.619,197,34238
2014,06,10,16,45,58.619,198,34338
2014,06,10,16,45,58.619,197,34438
2014,06,10,16,45,59.106,198,34539
2014,06,10,16,45,59.106,198,34639
2014,06,10,16,45,59.106,189,34739
2014,06,10,16,45,59.106,189,34839
2014,06,10,16,45,59.106,189,34939
2014,06,10,16,45,59.600,187,35040
2014,06,10,16,45,59.600,188,35138
2014,06,10,16,45,59.600,188,35238
2014,06,10,16,45,59.600,186,35338
2014,06,10,16,45,59.600,188,35438
2014,06,10,16,46,00.085,188,35539
2014,06,10,16,46,00.085,188,35639
2014,06,10,16,46,00.085,189,35739
2014,06,10,16,46,00.085,197,35839
2014,06,10,16,46,00.085,198,35939
2014,06,10,16,46,00.578,197,36040
2014,06,10,16,46,00.578,197,36138
2014,06,10,16,46,00.578,199,36238
2014,06,10,16,46,00.578,197,36338
2014,06,10,16,46,00.578,198,36438
2014,06,10,16,46,01.057,197,36539
2014,06,10,16,46,01.057,199,36638
2014,06,10,16,46,01.057,198,36738
2014,06,10,16,46,01.057,198,36838
2014,06,10,16,46,01.057,198,36938
2014,06,10,16,46,01.550,196,37039
2014,06,10,16,46,01.550,197,37139
2014,06,10,16,46,01.550,198,37239
2014,06,10,16,46,01.550,199,37339
2014,06,10,16,46,01.550,198,37439
2014,06,10,16,46,02.041,199,37540
2014,06,10,16,46,02.041,199,37638
2014,06,10,16,46,02.041,198,37738
2014,06,10,16,46,02.041,200,37838
2014,06,10,16,46,02.041,200,37938
