2014,06,23,16,49,25.949,264,110
2014,06,23,16,49,25.949,264,210
2014,06,23,16,49,25.949,263,310
2014,06,23,16,49,25.949,264,410
2014,06,23,16,49,25.949,265,510
2014,06,23,16,49,26.361,264,611
2014,06,23,16,49,26.361,265,711
2014,06,23,16,49,26.361,265,811
2014,06,23,16,49,26.361,264,911
2014,06,23,16,49,26.361,273,1
2014,06,23,16,49,26.849,1112,1
2014,06,23,16,49,26.849,1210,0
2014,06,23,16,49,26.849,1310,0
2014,06,23,16,49,26.849,1410,0
2014,06,23,16,49,26.849,275,1
2014,06,23,16,49,27.344,1611,1
2014,06,23,16,49,27.344,1711,0
2014,06,23,16,49,27.344,273,1
2014,06,23,16,49,27.344,1911,0
2014,06,23,16,49,27.344,2011,0
2014,06,23,16,49,27.830,2112,0
2014,06,23,16,49,27.830,275,1
2014,06,23,16,49,27.830,2310,0
2014,06,23,16,49,27.830,276,1
2014,06,23,16,49,27.830,2510,0
2014,06,23,16,49,28.311,2611,1
2014,06,23,16,49,28.311,2711,1
2014,06,23,16,49,28.311,2811,0
2014,06,23,16,49,28.311,2911,0
2014,06,23,16,49,28.311,3011,0
2014,06,23,16,49,28.806,3112,0
2014,06,23,16,49,28.806,274,1
2014,06,23,16,49,28.806,3310,0
2014,06,23,16,49,28.806,3410,0
2014,06,23,16,49,28.806,3510,0
2014,06,23,16,49,29.291,275,1
2014,06,23,16,49,29.291,3711,0
2014,06,23,16,49,29.291,3811,0
2014,06,23,16,49,29.291,3911,0
2014,06,23,16,49,29.291,4011,0
2014,06,23,16,49,29.775,275,1
2014,06,23,16,49,29.775,4210,1
2014,06,23,16,49,29.775,4310,1
2014,06,23,16,49,29.775,4410,0
2014,06,23,16,49,29.775,274,1
2014,06,23,16,49,30.271,4611,1
2014,06,23,16,49,30.271,4711,1
2014,06,23,16,49,30.271,4811,0
2014,06,23,16,49,30.271,275,1
2014,06,23,16,49,30.271,5011,0
2014,06,23,16,49,30.753,5112,0
2014,06,23,16,49,30.753,5210,0
2014,06,23,16,49,30.753,5310,0
2014,06,23,16,49,30.753,273,1
2014,06,23,16,49,30.753,5510,1
2014,06,23,16,49,31.245,5611,1
2014,06,23,16,49,31.245,5711,1
2014,06,23,16,49,31.245,5811,1
2014,06,23,16,49,31.245,5911,0
2014,06,23,16,49,31.245,274,1
2014,06,23,16,49,31.735,6112,0
2014,06,23,16,49,31.735,6210,0
2014,06,23,16,49,31.735,275,1
2014,06,23,16,49,31.735,6410,0
2014,06,23,16,49,31.735,274,1
2014,06,23,16,49,32.223,6611,1
2014,06,23,16,49,32.223,6711,0
2014,06,23,16,49,32.223,274,1
2014,06,23,16,49,32.223,6911,0
2014,06,23,16,49,32.223,7011,0
2014,06,23,16,49,32.707,274,1
2014,06,23,16,49,32.707,7210,0
2014,06,23,16,49,32.707,7310,0
2014,06,23,16,49,32.707,7410,0
2014,06,23,16,49,32.707,275,1
2014,06,23,16,49,33.200,7611,0
2014,06,23,16,49,33.200,7711,0
2014,06,23,16,49,33.200,275,1
2014,06,23,16,49,33.200,7911,1
2014,06,23,16,49,33.200,8011,1
2014,06,23,16,49,33.682,8112,1
2014,06,23,16,49,33.682,8210,1
2014,06,23,16,49,33.682,8310,1
2014,06,23,16,49,33.682,8410,0
2014,06,23,16,49,33.682,8510,0
2014,06,23,16,49,34.174,8611,0
2014,06,23,16,49,34.174,8711,0
2014,06,23,16,49,34.174,8811,0
2014,06,23,16,49,34.174,8911,0
2014,06,23,16,49,34.174,9011,0
2014,06,23,16,49,34.665,274,1
2014,06,23,16,49,34.665,9210,0
2014,06,23,16,49,34.665,9310,0
2014,06,23,16,49,34.665,9410,0
2014,06,23,16,49,34.665,9510,0
2014,06,23,16,49,35.148,9611,0
2014,06,23,16,49,35.148,275,1
2014,06,23,16,49,35.148,9811,1
2014,06,23,16,49,35.148,9911,1
2014,06,23,16,49,35.148,10011,1
2014,06,23,16,49,35.642,10112,1
2014,06,23,16,49,35.642,10210,1
2014,06,23,16,49,35.642,10310,0
2014,06,23,16,49,35.642,10410,0
2014,06,23,16,49,35.642,276,1
2014,06,23,16,49,36.130,10611,1
2014,06,23,16,49,36.130,10711,1
2014,06,23,16,49,36.130,10811,1
2014,06,23,16,49,36.130,10911,0
2014,06,23,16,49,36.130,11011,1
2014,06,23,16,49,36.619,11112,1
2014,06,23,16,49,36.619,11210,0
2014,06,23,16,49,36.619,275,1
2014,06,23,16,49,36.619,11410,1
2014,06,23,16,49,36.619,11510,0
2014,06,23,16,49,37.106,275,1
2014,06,23,16,49,37.106,11711,0
2014,06,23,16,49,37.106,11811,0
2014,06,23,16,49,37.106,11911,0
2014,06,23,16,49,37.106,12011,0
2014,06,23,16,49,37.593,12112,0
2014,06,23,16,49,37.593,274,1
2014,06,23,16,49,37.593,12310,0
2014,06,23,16,49,37.593,12410,0
2014,06,23,16,49,37.593,275,1
2014,06,23,16,49,38.082,12611,0
2014,06,23,16,49,38.082,276,1
2014,06,23,16,49,38.082,12811,0
2014,06,23,16,49,38.082,12911,0
2014,06,23,16,49,38.082,13011,0
2014,06,23,16,49,38.568,275,1
2014,06,23,16,49,38.568,13210,1
2014,06,23,16,49,38.568,13310,0
2014,06,23,16,49,38.568,275,1
2014,06,23,16,49,38.568,13510,0
2014,06,23,16,49,39.064,13611,0
2014,06,23,16,49,39.064,13711,0
2014,06,23,16,49,39.064,275,1
2014,06,23,16,49,39.064,13911,1
2014,06,23,16,49,39.064,14011,1
2014,06,23,16,49,39.558,14112,0
2014,06,23,16,49,39.558,275,1
2014,06,23,16,49,39.558,14311,1
2014,06,23,16,49,39.558,14411,0
2014,06,23,16,49,39.558,275,1
2014,06,23,16,49,40.033,14612,1
2014,06,23,16,49,40.033,14710,1
2014,06,23,16,49,40.033,14810,0
2014,06,23,16,49,40.033,275,1
2014,06,23,16,49,40.033,15010,1
2014,06,23,16,49,40.526,15111,0
2014,06,23,16,49,40.526,275,1
2014,06,23,16,49,40.526,15311,0
2014,06,23,16,49,40.526,15411,0
2014,06,23,16,49,40.526,274,1
2014,06,23,16,49,41.009,15612,0
2014,06,23,16,49,41.009,276,1
2014,06,23,16,49,41.009,15810,1
2014,06,23,16,49,41.009,15910,0
2014,06,23,16,49,41.009,16010,0
2014,06,23,16,49,41.497,16111,0
2014,06,23,16,49,41.497,16211,0
2014,06,23,16,49,41.497,16311,0
2014,06,23,16,49,41.497,274,1
2014,06,23,16,49,41.497,16511,1
2014,06,23,16,49,41.990,16612,1
2014,06,23,16,49,41.990,16710,0
2014,06,23,16,49,41.990,274,1
2014,06,23,16,49,41.990,16910,1
2014,06,23,16,49,41.990,17011,0
2014,06,23,16,49,42.476,276,1
2014,06,23,16,49,42.476,17210,0
2014,06,23,16,49,42.476,17310,0
2014,06,23,16,49,42.476,274,1
2014,06,23,16,49,42.476,17510,1
2014,06,23,16,49,42.967,17611,1
2014,06,23,16,49,42.967,17711,1
2014,06,23,16,49,42.967,17811,0
2014,06,23,16,49,42.967,17911,0
2014,06,23,16,49,42.967,275,1
2014,06,23,16,49,43.449,18112,1
2014,06,23,16,49,43.449,18210,0
2014,06,23,16,49,43.449,274,1
2014,06,23,16,49,43.449,18410,1
2014,06,23,16,49,43.449,18510,0
2014,06,23,16,49,43.936,275,1
2014,06,23,16,49,43.936,18711,1
2014,06,23,16,49,43.936,18811,0
2014,06,23,16,49,43.936,18911,0
2014,06,23,16,49,43.936,276,1
2014,06,23,16,49,44.425,19112,0
2014,06,23,16,49,44.425,274,1
2014,06,23,16,49,44.425,19310,0
2014,06,23,16,49,44.425,19410,0
2014,06,23,16,49,44.425,274,1
2014,06,23,16,49,44.918,19611,0
2014,06,23,16,49,44.918,19711,0
2014,06,23,16,49,44.918,275,1
2014,06,23,16,49,44.918,19910,1
2014,06,23,16,49,44.918,20010,1
2014,06,23,16,49,45.409,20111,1
2014,06,23,16,49,45.409,20211,1
2014,06,23,16,49,45.409,20311,1
2014,06,23,16,49,45.409,20411,0
2014,06,23,16,49,45.409,20511,0
2014,06,23,16,49,45.895,20612,0
2014,06,23,16,49,45.895,20710,0
2014,06,23,16,49,45.895,276,1
2014,06,23,16,49,45.895,20910,0
2014,06,23,16,49,45.895,21010,0
2014,06,23,16,49,46.381,21111,0
2014,06,23,16,49,46.381,21211,0
2014,06,23,16,49,46.381,21311,0
2014,06,23,16,49,46.381,275,1
2014,06,23,16,49,46.381,21511,1
2014,06,23,16,49,46.867,21612,0
2014,06,23,16,49,46.867,21710,0
2014,06,23,16,49,46.867,21810,0
2014,06,23,16,49,46.867,274,1
2014,06,23,16,49,46.867,22010,0
2014,06,23,16,49,47.361,22111,0
2014,06,23,16,49,47.361,275,1
2014,06,23,16,49,47.361,22311,1
2014,06,23,16,49,47.361,22411,1
2014,06,23,16,49,47.361,22511,1
2014,06,23,16,49,47.849,22611,0
2014,06,23,16,49,47.849,22711,0
2014,06,23,16,49,47.849,22811,0
2014,06,23,16,49,47.849,276,1
2014,06,23,16,49,47.849,23011,1
2014,06,23,16,49,48.329,23112,0
2014,06,23,16,49,48.329,23210,0
2014,06,23,16,49,48.329,23310,0
2014,06,23,16,49,48.329,23410,0
2014,06,23,16,49,48.329,23510,0
2014,06,23,16,49,48.822,275,1
2014,06,23,16,49,48.822,23711,1
2014,06,23,16,49,48.822,23811,1
2014,06,23,16,49,48.822,23911,1
2014,06,23,16,49,48.822,24011,0
2014,06,23,16,49,49.307,276,1
2014,06,23,16,49,49.307,24210,0
2014,06,23,16,49,49.307,274,1
2014,06,23,16,49,49.307,24410,0
2014,06,23,16,49,49.307,24510,0
2014,06,23,16,49,49.800,274,1
2014,06,23,16,49,49.800,24711,1
2014,06,23,16,49,49.800,24811,0
2014,06,23,16,49,49.800,275,1
2014,06,23,16,49,49.800,25011,0
2014,06,23,16,49,50.282,25112,0
2014,06,23,16,49,50.282,25210,0
2014,06,23,16,49,50.282,274,1
2014,06,23,16,49,50.282,25411,1
2014,06,23,16,49,50.282,25511,1
2014,06,23,16,49,50.773,25612,1
2014,06,23,16,49,50.773,25710,0
2014,06,23,16,49,50.773,274,1
2014,06,23,16,49,50.773,25910,0
2014,06,23,16,49,50.773,26010,0
2014,06,23,16,49,51.260,276,1
2014,06,23,16,49,51.260,26211,1
2014,06,23,16,49,51.260,26311,1
2014,06,23,16,49,51.260,26411,1
2014,06,23,16,49,51.260,26511,1
2014,06,23,16,49,51.750,26612,1
2014,06,23,16,49,51.750,26710,0
2014,06,23,16,49,51.750,274,1
2014,06,23,16,49,51.750,26910,1
2014,06,23,16,49,51.750,27010,0
2014,06,23,16,49,52.238,276,1
2014,06,23,16,49,52.238,27211,1
2014,06,23,16,49,52.238,27311,0
2014,06,23,16,49,52.238,274,1
2014,06,23,16,49,52.238,27511,0
2014,06,23,16,49,52.731,274,1
2014,06,23,16,49,52.731,27710,1
2014,06,23,16,49,52.731,27810,1
2014,06,23,16,49,52.731,27910,0
2014,06,23,16,49,52.731,28010,0
2014,06,23,16,49,53.213,274,1
2014,06,23,16,49,53.213,28211,1
2014,06,23,16,49,53.213,28310,1
2014,06,23,16,49,53.213,28410,1
2014,06,23,16,49,53.213,28510,1
2014,06,23,16,49,53.702,28611,1
2014,06,23,16,49,53.702,28711,1
2014,06,23,16,49,53.702,28811,1
2014,06,23,16,49,53.702,28911,0
2014,06,23,16,49,53.702,275,1
2014,06,23,16,49,54.198,29112,0
2014,06,23,16,49,54.198,29210,0
2014,06,23,16,49,54.198,29310,0
2014,06,23,16,49,54.198,29410,0
2014,06,23,16,49,54.198,29510,0
2014,06,23,16,49,54.686,29611,0
2014,06,23,16,49,54.686,276,1
2014,06,23,16,49,54.686,29811,1
2014,06,23,16,49,54.686,29911,1
2014,06,23,16,49,54.686,30011,1
2014,06,23,16,49,55.171,30112,0
2014,06,23,16,49,55.171,274,1
2014,06,23,16,49,55.171,30310,1
2014,06,23,16,49,55.171,30410,0
2014,06,23,16,49,55.171,30510,0
2014,06,23,16,49,55.657,30611,0
2014,06,23,16,49,55.657,30711,0
2014,06,23,16,49,55.657,276,1
2014,06,23,16,49,55.657,30911,1
2014,06,23,16,49,55.657,31011,1
2014,06,23,16,49,56.143,31111,0
2014,06,23,16,49,56.143,276,1
2014,06,23,16,49,56.143,31311,0
2014,06,23,16,49,56.143,275,1
2014,06,23,16,49,56.143,31511,1
2014,06,23,16,49,56.643,31612,0
2014,06,23,16,49,56.643,31710,0
2014,06,23,16,49,56.643,31810,0
2014,06,23,16,49,56.643,31910,0
2014,06,23,16,49,56.643,32010,0
2014,06,23,16,49,57.133,32111,0
2014,06,23,16,49,57.133,32211,0
2014,06,23,16,49,57.133,32311,0
2014,06,23,16,49,57.133,32411,0
2014,06,23,16,49,57.133,276,1
2014,06,23,16,49,57.611,32612,0
2014,06,23,16,49,57.611,32710,0
2014,06,23,16,49,57.611,275,1
2014,06,23,16,49,57.611,32910,1
2014,06,23,16,49,57.611,33010,0
2014,06,23,16,49,58.096,33111,0
2014,06,23,16,49,58.096,33211,0
2014,06,23,16,49,58.096,275,1
2014,06,23,16,49,58.096,33411,1
2014,06,23,16,49,58.096,33511,0
2014,06,23,16,49,58.587,33612,0
2014,06,23,16,49,58.587,33710,0
2014,06,23,16,49,58.587,275,1
2014,06,23,16,49,58.587,33911,0
2014,06,23,16,49,58.587,273,1
2014,06,23,16,49,59.069,34112,1
2014,06,23,16,49,59.069,34210,1
2014,06,23,16,49,59.069,34310,0
2014,06,23,16,49,59.069,272,1
2014,06,23,16,49,59.069,34510,1
2014,06,23,16,49,59.568,34611,0
2014,06,23,16,49,59.568,34711,1
2014,06,23,16,49,59.568,34811,0
2014,06,23,16,49,59.568,276,1
2014,06,23,16,49,59.568,35011,0
2014,06,23,16,50,00.052,276,1
2014,06,23,16,50,00.052,35210,1
2014,06,23,16,50,00.052,35310,0
2014,06,23,16,50,00.052,276,1
2014,06,23,16,50,00.052,35510,1
2014,06,23,16,50,00.537,35611,0
2014,06,23,16,50,00.537,274,1
2014,06,23,16,50,00.537,35811,0
2014,06,23,16,50,00.537,35911,0
2014,06,23,16,50,00.537,274,1
2014,06,23,16,50,01.031,36112,1
2014,06,23,16,50,01.031,36210,0
2014,06,23,16,50,01.031,274,1
2014,06,23,16,50,01.031,36410,1
2014,06,23,16,50,01.031,36510,0
2014,06,23,16,50,01.512,275,1
2014,06,23,16,50,01.512,36710,1
2014,06,23,16,50,01.512,36810,0
2014,06,23,16,50,01.512,36910,0
2014,06,23,16,50,01.512,37010,0
2014,06,23,16,50,02.002,37111,0
2014,06,23,16,50,02.002,275,1
2014,06,23,16,50,02.002,37311,0
2014,06,23,16,50,02.002,37411,0
2014,06,23,16,50,02.002,276,1
2014,06,23,16,50,02.496,37612,1
2014,06,23,16,50,02.496,37710,1
2014,06,23,16,50,02.496,37810,0
2014,06,23,16,50,02.496,37910,0
2014,06,23,16,50,02.496,38010,0
2014,06,23,16,50,02.979,38111,0
2014,06,23,16,50,02.979,276,1
2014,06,23,16,50,02.979,38311,0
2014,06,23,16,50,02.979,275,1
2014,06,23,16,50,02.979,38511,1
2014,06,23,16,50,03.466,38612,1
2014,06,23,16,50,03.466,38710,0
2014,06,23,16,50,03.466,274,1
2014,06,23,16,50,03.466,38910,1
2014,06,23,16,50,03.466,39010,1
2014,06,23,16,50,03.958,39111,0
2014,06,23,16,50,03.958,274,1
2014,06,23,16,50,03.958,39311,0
2014,06,23,16,50,03.958,274,1
2014,06,23,16,50,03.958,39511,0
2014,06,23,16,50,04.445,274,1
2014,06,23,16,50,04.445,39711,1
2014,06,23,16,50,04.445,39811,1
2014,06,23,16,50,04.445,39911,1
2014,06,23,16,50,04.445,40011,0
2014,06,23,16,50,04.933,276,1
2014,06,23,16,50,04.933,40210,0
2014,06,23,16,50,04.933,40310,0
2014,06,23,16,50,04.933,276,1
2014,06,23,16,50,04.933,40510,1
2014,06,23,16,50,05.422,40611,0
2014,06,23,16,50,05.422,40711,0
2014,06,23,16,50,05.422,40811,0
2014,06,23,16,50,05.422,40911,0
2014,06,23,16,50,05.422,41011,0
2014,06,23,16,50,05.915,41112,0
2014,06,23,16,50,05.915,41210,0
2014,06,23,16,50,05.915,275,1
2014,06,23,16,50,05.915,41410,1
2014,06,23,16,50,05.915,41510,0
2014,06,23,16,50,06.400,274,1
2014,06,23,16,50,06.400,41711,1
2014,06,23,16,50,06.400,41811,0
2014,06,23,16,50,06.400,275,1
2014,06,23,16,50,06.400,42011,0
2014,06,23,16,50,06.892,42112,0
2014,06,23,16,50,06.892,276,1
2014,06,23,16,50,06.892,42310,0
2014,06,23,16,50,06.892,275,1
2014,06,23,16,50,06.892,42511,0
2014,06,23,16,50,07.375,42612,0
2014,06,23,16,50,07.375,42710,0
2014,06,23,16,50,07.375,275,1
2014,06,23,16,50,07.375,42910,1
2014,06,23,16,50,07.375,43010,0
2014,06,23,16,50,07.864,43111,0
2014,06,23,16,50,07.864,276,1
2014,06,23,16,50,07.864,43311,0
2014,06,23,16,50,07.864,43411,0
2014,06,23,16,50,07.864,275,1
2014,06,23,16,50,08.351,43612,1
2014,06,23,16,50,08.351,43710,1
2014,06,23,16,50,08.351,43810,0
2014,06,23,16,50,08.351,43910,0
2014,06,23,16,50,08.351,44010,0
2014,06,23,16,50,08.847,275,1
2014,06,23,16,50,08.847,44211,1
2014,06,23,16,50,08.847,44311,1
2014,06,23,16,50,08.847,44411,1
2014,06,23,16,50,08.847,44511,0
2014,06,23,16,50,09.329,274,1
2014,06,23,16,50,09.329,44710,1
2014,06,23,16,50,09.329,44810,0
2014,06,23,16,50,09.329,275,1
2014,06,23,16,50,09.329,45010,0
2014,06,23,16,50,09.825,275,1
2014,06,23,16,50,09.825,45210,0
2014,06,23,16,50,09.825,45310,0
2014,06,23,16,50,09.825,275,1
2014,06,23,16,50,09.825,45510,1
2014,06,23,16,50,10.304,45611,1
2014,06,23,16,50,10.304,45711,0
2014,06,23,16,50,10.304,45811,0
2014,06,23,16,50,10.304,45911,0
2014,06,23,16,50,10.304,46011,0
2014,06,23,16,50,10.789,46112,0
2014,06,23,16,50,10.789,275,1
2014,06,23,16,50,10.789,46310,0
2014,06,23,16,50,10.789,275,1
2014,06,23,16,50,10.789,46510,1
2014,06,23,16,50,11.286,46611,0
2014,06,23,16,50,11.286,276,1
2014,06,23,16,50,11.286,46811,0
2014,06,23,16,50,11.286,275,1
2014,06,23,16,50,11.286,47011,0
2014,06,23,16,50,11.771,276,1
2014,06,23,16,50,11.771,47210,0
2014,06,23,16,50,11.771,275,1
2014,06,23,16,50,11.771,47410,0
2014,06,23,16,50,11.771,47510,0
2014,06,23,16,50,12.254,275,1
2014,06,23,16,50,12.254,47711,1
2014,06,23,16,50,12.254,47811,0
2014,06,23,16,50,12.254,274,1
2014,06,23,16,50,12.254,48010,0
2014,06,23,16,50,12.749,276,1
2014,06,23,16,50,12.749,48211,1
2014,06,23,16,50,12.749,48311,0
2014,06,23,16,50,12.749,48411,0
2014,06,23,16,50,12.749,48511,0
2014,06,23,16,50,13.235,275,1
2014,06,23,16,50,13.235,48710,0
2014,06,23,16,50,13.235,275,1
2014,06,23,16,50,13.235,48910,1
2014,06,23,16,50,13.235,49010,0
2014,06,23,16,50,13.730,49111,0
2014,06,23,16,50,13.730,277,1
2014,06,23,16,50,13.730,49311,0
2014,06,23,16,50,13.730,49411,0
2014,06,23,16,50,13.730,275,1
2014,06,23,16,50,14.212,49612,1
2014,06,23,16,50,14.212,49710,1
2014,06,23,16,50,14.212,49810,0
2014,06,23,16,50,14.212,277,1
2014,06,23,16,50,14.212,50010,1
2014,06,23,16,50,14.701,50111,0
2014,06,23,16,50,14.701,50211,0
2014,06,23,16,50,14.701,275,1
2014,06,23,16,50,14.701,50411,0
2014,06,23,16,50,14.701,50511,0
2014,06,23,16,50,15.187,50612,0
2014,06,23,16,50,15.187,276,1
2014,06,23,16,50,15.187,50810,1
2014,06,23,16,50,15.187,50911,0
2014,06,23,16,50,15.187,275,1
2014,06,23,16,50,15.676,51112,1
2014,06,23,16,50,15.676,51210,1
2014,06,23,16,50,15.676,51310,1
2014,06,23,16,50,15.676,51410,0
2014,06,23,16,50,15.676,275,1
2014,06,23,16,50,16.170,51611,0
2014,06,23,16,50,16.170,274,1
2014,06,23,16,50,16.170,51811,1
2014,06,23,16,50,16.170,51911,0
2014,06,23,16,50,16.170,52011,0
2014,06,23,16,50,16.650,275,1
2014,06,23,16,50,16.650,52210,1
2014,06,23,16,50,16.650,52310,1
2014,06,23,16,50,16.650,52410,0
2014,06,23,16,50,16.650,275,1
2014,06,23,16,50,17.140,52611,1
2014,06,23,16,50,17.140,52711,0
2014,06,23,16,50,17.140,275,1
2014,06,23,16,50,17.140,52911,0
2014,06,23,16,50,17.140,275,1
2014,06,23,16,50,17.627,53112,0
2014,06,23,16,50,17.627,276,1
2014,06,23,16,50,17.627,53310,1
2014,06,23,16,50,17.627,53410,0
2014,06,23,16,50,17.627,53510,0
2014,06,23,16,50,18.121,275,1
2014,06,23,16,50,18.121,53710,0
2014,06,23,16,50,18.121,275,1
2014,06,23,16,50,18.121,53910,1
2014,06,23,16,50,18.121,54010,0
2014,06,23,16,50,18.603,275,1
2014,06,23,16,50,18.603,54211,0
2014,06,23,16,50,18.603,54311,0
2014,06,23,16,50,18.603,54411,0
2014,06,23,16,50,18.603,54511,0
2014,06,23,16,50,19.095,276,1
2014,06,23,16,50,19.095,54710,0
2014,06,23,16,50,19.095,275,1
2014,06,23,16,50,19.095,54910,0
2014,06,23,16,50,19.095,55010,0
2014,06,23,16,50,19.580,275,1
2014,06,23,16,50,19.580,55211,0
2014,06,23,16,50,19.580,276,1
2014,06,23,16,50,19.580,55411,0
2014,06,23,16,50,19.580,55511,0
2014,06,23,16,50,20.067,274,1
2014,06,23,16,50,20.067,55710,1
2014,06,23,16,50,20.067,55810,1
2014,06,23,16,50,20.067,55910,0
2014,06,23,16,50,20.067,56010,0
2014,06,23,16,50,20.556,275,1
2014,06,23,16,50,20.556,56211,1
2014,06,23,16,50,20.556,56311,0
2014,06,23,16,50,20.556,276,1
2014,06,23,16,50,20.556,56510,1
2014,06,23,16,50,21.050,56611,0
2014,06,23,16,50,21.050,276,1
2014,06,23,16,50,21.050,56811,0
2014,06,23,16,50,21.050,275,1
2014,06,23,16,50,21.050,57011,0
2014,06,23,16,50,21.534,57112,0
2014,06,23,16,50,21.534,275,1
2014,06,23,16,50,21.534,57310,1
2014,06,23,16,50,21.534,57410,1
2014,06,23,16,50,21.534,57510,1
2014,06,23,16,50,22.020,57611,1
2014,06,23,16,50,22.020,57711,0
2014,06,23,16,50,22.020,57811,0
2014,06,23,16,50,22.020,57911,0
2014,06,23,16,50,22.020,276,1
2014,06,23,16,50,22.510,58112,1
2014,06,23,16,50,22.510,58210,0
2014,06,23,16,50,22.510,275,1
2014,06,23,16,50,22.510,58410,1
2014,06,23,16,50,22.510,58510,1
2014,06,23,16,50,23.005,58611,0
2014,06,23,16,50,23.005,58711,0
2014,06,23,16,50,23.005,58811,0
2014,06,23,16,50,23.005,276,1
2014,06,23,16,50,23.005,59011,1
2014,06,23,16,50,23.488,59112,0
2014,06,23,16,50,23.488,275,1
2014,06,23,16,50,23.488,59311,1
2014,06,23,16,50,23.488,59411,0
2014,06,23,16,50,23.488,59511,0
2014,06,23,16,50,23.978,276,1
2014,06,23,16,50,23.978,59710,0
2014,06,23,16,50,23.978,59810,0
2014,06,23,16,50,23.978,275,1
2014,06,23,16,50,23.978,60010,0
2014,06,23,16,50,24.471,275,1
2014,06,23,16,50,24.471,60211,1
2014,06,23,16,50,24.471,60311,0
2014,06,23,16,50,24.471,60411,0
2014,06,23,16,50,24.471,60511,0
2014,06,23,16,50,24.958,60612,0
2014,06,23,16,50,24.958,60710,0
2014,06,23,16,50,24.958,276,1
2014,06,23,16,50,24.958,60910,1
2014,06,23,16,50,24.958,61010,0
2014,06,23,16,50,25.445,61111,0
2014,06,23,16,50,25.445,275,1
2014,06,23,16,50,25.445,61311,0
2014,06,23,16,50,25.445,276,1
2014,06,23,16,50,25.445,61511,0
2014,06,23,16,50,25.929,61612,0
2014,06,23,16,50,25.929,61710,0
2014,06,23,16,50,25.929,275,1
2014,06,23,16,50,25.929,61910,0
2014,06,23,16,50,25.929,275,1
2014,06,23,16,50,26.416,62111,1
2014,06,23,16,50,26.416,62211,0
2014,06,23,16,50,26.416,62311,0
2014,06,23,16,50,26.416,275,1
2014,06,23,16,50,26.416,62511,0
2014,06,23,16,50,26.906,62612,0
2014,06,23,16,50,26.906,62710,0
2014,06,23,16,50,26.906,62810,0
2014,06,23,16,50,26.906,276,1
2014,06,23,16,50,26.906,63010,1
2014,06,23,16,50,27.392,63111,1
2014,06,23,16,50,27.392,63211,1
2014,06,23,16,50,27.392,63311,0
2014,06,23,16,50,27.392,63411,0
2014,06,23,16,50,27.392,276,1
2014,06,23,16,50,27.886,63612,0
2014,06,23,16,50,27.886,63710,0
2014,06,23,16,50,27.886,275,1
2014,06,23,16,50,27.886,63910,0
2014,06,23,16,50,27.886,275,1
2014,06,23,16,50,28.371,64111,1
2014,06,23,16,50,28.371,64211,1
2014,06,23,16,50,28.371,64311,0
2014,06,23,16,50,28.371,275,1
2014,06,23,16,50,28.371,64511,1
2014,06,23,16,50,28.858,64612,1
2014,06,23,16,50,28.858,64710,0
2014,06,23,16,50,28.858,64810,0
2014,06,23,16,50,28.858,275,1
2014,06,23,16,50,28.858,65011,1
2014,06,23,16,50,29.350,65112,1
2014,06,23,16,50,29.350,65210,1
2014,06,23,16,50,29.350,65310,0
2014,06,23,16,50,29.350,275,1
2014,06,23,16,50,29.350,65510,0
2014,06,23,16,50,29.839,275,1
2014,06,23,16,50,29.839,175,0
2014,06,23,16,50,29.839,277,1
2014,06,23,16,50,29.839,375,0
2014,06,23,16,50,29.839,475,0
2014,06,23,16,50,30.325,276,1
2014,06,23,16,50,30.325,674,1
2014,06,23,16,50,30.325,774,0
2014,06,23,16,50,30.325,874,0
2014,06,23,16,50,30.325,974,0
2014,06,23,16,50,30.815,1075,0
2014,06,23,16,50,30.815,1175,0
2014,06,23,16,50,30.815,276,1
2014,06,23,16,50,30.815,1375,0
2014,06,23,16,50,30.815,275,1
2014,06,23,16,50,31.296,1576,1
2014,06,23,16,50,31.296,1674,0
2014,06,23,16,50,31.296,275,1
2014,06,23,16,50,31.296,1874,1
2014,06,23,16,50,31.296,1974,0
2014,06,23,16,50,31.794,2075,0
2014,06,23,16,50,31.794,275,1
2014,06,23,16,50,31.794,2274,0
2014,06,23,16,50,31.794,276,1
2014,06,23,16,50,31.794,2474,0
2014,06,23,16,50,32.282,2575,0
2014,06,23,16,50,32.282,277,1
2014,06,23,16,50,32.282,2775,0
2014,06,23,16,50,32.282,276,1
2014,06,23,16,50,32.282,2975,0
2014,06,23,16,50,32.768,3076,0
2014,06,23,16,50,32.768,275,1
2014,06,23,16,50,32.768,3274,0
2014,06,23,16,50,32.768,275,1
2014,06,23,16,50,32.768,3474,1
2014,06,23,16,50,33.262,3575,0
2014,06,23,16,50,33.262,3675,0
2014,06,23,16,50,33.262,3775,0
2014,06,23,16,50,33.262,3875,0
2014,06,23,16,50,33.262,3975,0
2014,06,23,16,50,33.740,4076,0
2014,06,23,16,50,33.740,4174,0
2014,06,23,16,50,33.740,276,1
2014,06,23,16,50,33.740,4374,0
2014,06,23,16,50,33.740,277,1
2014,06,23,16,50,34.231,4575,1
2014,06,23,16,50,34.231,4675,0
2014,06,23,16,50,34.231,277,1
2014,06,23,16,50,34.231,4875,0
2014,06,23,16,50,34.231,4975,1
2014,06,23,16,50,34.719,5075,1
2014,06,23,16,50,34.719,5175,0
2014,06,23,16,50,34.719,5275,0
2014,06,23,16,50,34.719,5375,0
2014,06,23,16,50,34.719,5475,0
2014,06,23,16,50,35.209,5576,0
2014,06,23,16,50,35.209,5674,0
2014,06,23,16,50,35.209,276,1
2014,06,23,16,50,35.209,5874,0
2014,06,23,16,50,35.209,5974,0
2014,06,23,16,50,35.696,6075,0
2014,06,23,16,50,35.696,276,1
2014,06,23,16,50,35.696,6275,0
2014,06,23,16,50,35.696,6375,0
2014,06,23,16,50,35.696,6475,0
2014,06,23,16,50,36.185,6576,0
2014,06,23,16,50,36.185,276,1
2014,06,23,16,50,36.185,6774,0
2014,06,23,16,50,36.185,276,1
2014,06,23,16,50,36.185,6974,0
2014,06,23,16,50,36.669,7075,0
2014,06,23,16,50,36.669,7175,0
2014,06,23,16,50,36.669,275,1
2014,06,23,16,50,36.669,7375,1
2014,06,23,16,50,36.669,7475,1
2014,06,23,16,50,37.157,7576,0
2014,06,23,16,50,37.157,7674,0
2014,06,23,16,50,37.157,277,1
2014,06,23,16,50,37.157,7875,0
2014,06,23,16,50,37.157,7975,0
2014,06,23,16,50,37.653,275,1
2014,06,23,16,50,37.653,8174,1
2014,06,23,16,50,37.653,8274,0
2014,06,23,16,50,37.653,8374,0
2014,06,23,16,50,37.653,276,1
2014,06,23,16,50,38.136,8575,0
2014,06,23,16,50,38.136,8675,0
2014,06,23,16,50,38.136,275,1
2014,06,23,16,50,38.136,8875,1
2014,06,23,16,50,38.136,8975,1
2014,06,23,16,50,38.623,9076,1
2014,06,23,16,50,38.623,9174,0
2014,06,23,16,50,38.623,9274,0
2014,06,23,16,50,38.623,276,1
2014,06,23,16,50,38.623,9474,0
2014,06,23,16,50,39.111,274,1
2014,06,23,16,50,39.111,9675,0
2014,06,23,16,50,39.111,275,1
2014,06,23,16,50,39.111,9875,0
2014,06,23,16,50,39.111,9975,0
2014,06,23,16,50,39.604,10076,0
2014,06,23,16,50,39.604,276,1
2014,06,23,16,50,39.604,10274,1
2014,06,23,16,50,39.604,10374,0
2014,06,23,16,50,39.604,10474,0
2014,06,23,16,50,40.091,10575,0
2014,06,23,16,50,40.091,275,1
2014,06,23,16,50,40.091,10774,0
2014,06,23,16,50,40.091,10874,0
2014,06,23,16,50,40.091,10974,0
2014,06,23,16,50,40.574,275,1
2014,06,23,16,50,40.574,11175,1
2014,06,23,16,50,40.574,11275,0
2014,06,23,16,50,40.574,276,1
2014,06,23,16,50,40.574,11475,1
2014,06,23,16,50,41.070,11576,1
2014,06,23,16,50,41.070,11674,0
2014,06,23,16,50,41.070,11774,0
2014,06,23,16,50,41.070,276,1
2014,06,23,16,50,41.070,11974,1
2014,06,23,16,50,41.560,12075,0
2014,06,23,16,50,41.560,275,1
2014,06,23,16,50,41.560,12275,0
2014,06,23,16,50,41.560,12375,0
2014,06,23,16,50,41.560,12475,0
2014,06,23,16,50,42.040,12576,0
2014,06,23,16,50,42.040,275,1
2014,06,23,16,50,42.040,12774,0
2014,06,23,16,50,42.040,12874,0
2014,06,23,16,50,42.040,274,1
2014,06,23,16,50,42.535,13075,0
2014,06,23,16,50,42.535,13175,0
2014,06,23,16,50,42.535,13275,0
2014,06,23,16,50,42.535,276,1
2014,06,23,16,50,42.535,13475,1
2014,06,23,16,50,43.020,13575,0
2014,06,23,16,50,43.020,275,1
2014,06,23,16,50,43.020,13775,0
2014,06,23,16,50,43.020,277,1
2014,06,23,16,50,43.020,13975,0
2014,06,23,16,50,43.509,277,1
2014,06,23,16,50,43.509,14174,0
2014,06,23,16,50,43.509,275,1
2014,06,23,16,50,43.509,14374,0
2014,06,23,16,50,43.509,14474,0
2014,06,23,16,50,43.991,277,1
2014,06,23,16,50,43.991,14675,0
2014,06,23,16,50,43.991,274,1
2014,06,23,16,50,43.991,14875,1
2014,06,23,16,50,43.991,14975,0
2014,06,23,16,50,44.478,276,1
2014,06,23,16,50,44.478,15174,1
2014,06,23,16,50,44.478,15274,1
2014,06,23,16,50,44.478,15374,1
2014,06,23,16,50,44.478,15474,1
2014,06,23,16,50,44.970,15575,0
2014,06,23,16,50,44.970,277,1
2014,06,23,16,50,44.970,15775,0
2014,06,23,16,50,44.970,15875,0
2014,06,23,16,50,44.970,275,1
2014,06,23,16,50,45.459,16076,1
2014,06,23,16,50,45.459,16174,0
2014,06,23,16,50,45.459,16274,0
2014,06,23,16,50,45.459,275,1
2014,06,23,16,50,45.459,16475,0
2014,06,23,16,50,45.950,276,1
2014,06,23,16,50,45.950,16674,1
2014,06,23,16,50,45.950,16774,1
2014,06,23,16,50,45.950,16874,0
2014,06,23,16,50,45.950,16974,0
2014,06,23,16,50,46.441,275,1
2014,06,23,16,50,46.441,17175,0
2014,06,23,16,50,46.441,275,1
2014,06,23,16,50,46.441,17375,1
2014,06,23,16,50,46.441,17475,1
2014,06,23,16,50,46.929,17576,1
2014,06,23,16,50,46.929,17674,0
2014,06,23,16,50,46.929,17774,0
2014,06,23,16,50,46.929,17874,0
2014,06,23,16,50,46.929,17974,0
2014,06,23,16,50,47.412,277,1
2014,06,23,16,50,47.412,18175,1
2014,06,23,16,50,47.412,18275,1
2014,06,23,16,50,47.412,18375,1
2014,06,23,16,50,47.412,18475,1
2014,06,23,16,50,47.906,18576,1
2014,06,23,16,50,47.906,18674,1
2014,06,23,16,50,47.906,18774,1
2014,06,23,16,50,47.906,18874,1
2014,06,23,16,50,47.906,18974,0
2014,06,23,16,50,48.389,276,1
2014,06,23,16,50,48.389,19174,0
2014,06,23,16,50,48.389,19274,0
2014,06,23,16,50,48.389,19374,0
2014,06,23,16,50,48.389,19474,0
2014,06,23,16,50,48.879,273,1
2014,06,23,16,50,48.879,19675,1
2014,06,23,16,50,48.879,19775,0
2014,06,23,16,50,48.879,19875,0
2014,06,23,16,50,48.879,19975,0
2014,06,23,16,50,49.369,275,1
2014,06,23,16,50,49.369,20174,0
2014,06,23,16,50,49.369,20274,0
2014,06,23,16,50,49.369,275,1
2014,06,23,16,50,49.369,20474,0
2014,06,23,16,50,49.856,20575,0
2014,06,23,16,50,49.856,275,1
2014,06,23,16,50,49.856,20775,0
2014,06,23,16,50,49.856,275,1
2014,06,23,16,50,49.856,20975,1
2014,06,23,16,50,50.344,21076,0
2014,06,23,16,50,50.344,276,1
2014,06,23,16,50,50.344,21274,0
2014,06,23,16,50,50.344,276,1
2014,06,23,16,50,50.344,21474,1
2014,06,23,16,50,50.831,21575,1
2014,06,23,16,50,50.831,21675,0
2014,06,23,16,50,50.831,21775,0
2014,06,23,16,50,50.831,21875,0
2014,06,23,16,50,50.831,276,1
2014,06,23,16,50,51.316,22075,0
2014,06,23,16,50,51.316,22175,0
2014,06,23,16,50,51.316,275,1
2014,06,23,16,50,51.316,22375,1
2014,06,23,16,50,51.316,22475,0
2014,06,23,16,50,51.808,275,1
2014,06,23,16,50,51.808,22674,0
2014,06,23,16,50,51.808,276,1
2014,06,23,16,50,51.808,22874,0
2014,06,23,16,50,51.808,22974,0
2014,06,23,16,50,52.294,276,1
2014,06,23,16,50,52.294,23175,0
2014,06,23,16,50,52.294,275,1
2014,06,23,16,50,52.294,23375,0
2014,06,23,16,50,52.294,23475,0
2014,06,23,16,50,52.781,23576,0
2014,06,23,16,50,52.781,23674,0
2014,06,23,16,50,52.781,23774,0
2014,06,23,16,50,52.781,23874,0
2014,06,23,16,50,52.781,23974,0
2014,06,23,16,50,53.278,24075,0
2014,06,23,16,50,53.278,24175,0
2014,06,23,16,50,53.278,24275,0
2014,06,23,16,50,53.278,277,1
2014,06,23,16,50,53.278,24475,0
2014,06,23,16,50,53.768,275,1
2014,06,23,16,50,53.768,24674,0
2014,06,23,16,50,53.768,276,1
2014,06,23,16,50,53.768,24875,0
2014,06,23,16,50,53.768,24975,0
2014,06,23,16,50,54.246,25076,0
2014,06,23,16,50,54.246,277,1
2014,06,23,16,50,54.246,25274,0
2014,06,23,16,50,54.246,25374,0
2014,06,23,16,50,54.246,276,1
2014,06,23,16,50,54.739,25575,1
2014,06,23,16,50,54.739,25675,0
2014,06,23,16,50,54.739,276,1
2014,06,23,16,50,54.739,25875,1
2014,06,23,16,50,54.739,25975,0
2014,06,23,16,50,55.227,276,1
2014,06,23,16,50,55.227,26174,1
2014,06,23,16,50,55.227,26274,1
2014,06,23,16,50,55.227,26374,1
2014,06,23,16,50,55.227,26474,1
2014,06,23,16,50,55.715,26575,1
2014,06,23,16,50,55.715,26675,0
2014,06,23,16,50,55.715,26775,0
2014,06,23,16,50,55.715,276,1
2014,06,23,16,50,55.715,26975,1
2014,06,23,16,50,56.201,27076,0
2014,06,23,16,50,56.201,27174,0
2014,06,23,16,50,56.201,276,1
2014,06,23,16,50,56.201,27374,0
2014,06,23,16,50,56.201,27474,0
2014,06,23,16,50,56.689,27575,0
2014,06,23,16,50,56.689,27674,0
2014,06,23,16,50,56.689,275,1
2014,06,23,16,50,56.689,27874,0
2014,06,23,16,50,56.689,27974,0
2014,06,23,16,50,57.184,28075,0
2014,06,23,16,50,57.184,276,1
2014,06,23,16,50,57.184,28275,1
2014,06,23,16,50,57.184,28375,1
2014,06,23,16,50,57.184,28475,1
2014,06,23,16,50,57.663,28576,0
2014,06,23,16,50,57.663,28674,0
2014,06,23,16,50,57.663,275,1
2014,06,23,16,50,57.663,28874,0
2014,06,23,16,50,57.663,275,1
2014,06,23,16,50,58.156,29075,0
2014,06,23,16,50,58.156,29175,0
2014,06,23,16,50,58.156,275,1
2014,06,23,16,50,58.156,29375,0
2014,06,23,16,50,58.156,277,1
2014,06,23,16,50,58.655,29576,0
2014,06,23,16,50,58.655,29674,0
2014,06,23,16,50,58.655,276,1
2014,06,23,16,50,58.655,29874,1
2014,06,23,16,50,58.655,29974,0
2014,06,23,16,50,59.132,277,1
2014,06,23,16,50,59.132,30175,0
2014,06,23,16,50,59.132,30275,0
2014,06,23,16,50,59.132,30375,0
2014,06,23,16,50,59.132,30474,0
2014,06,23,16,50,59.617,275,1
2014,06,23,16,50,59.617,30675,1
2014,06,23,16,50,59.617,30775,1
2014,06,23,16,50,59.617,30875,1
2014,06,23,16,50,59.617,30975,1
2014,06,23,16,51,00.108,31076,0
2014,06,23,16,51,00.108,31174,0
2014,06,23,16,51,00.108,276,1
2014,06,23,16,51,00.108,31374,0
2014,06,23,16,51,00.108,31474,0
2014,06,23,16,51,00.597,276,1
2014,06,23,16,51,00.597,31675,1
2014,06,23,16,51,00.597,31775,0
2014,06,23,16,51,00.597,31875,0
2014,06,23,16,51,00.597,31975,0
2014,06,23,16,51,01.091,274,1
2014,06,23,16,51,01.091,32174,0
2014,06,23,16,51,01.091,32274,1
2014,06,23,16,51,01.091,32374,1
2014,06,23,16,51,01.091,32474,0
2014,06,23,16,51,01.571,275,1
2014,06,23,16,51,01.571,32675,1
2014,06,23,16,51,01.571,32775,0
2014,06,23,16,51,01.571,275,1
2014,06,23,16,51,01.571,32975,1
2014,06,23,16,51,02.069,33076,0
2014,06,23,16,51,02.069,33174,0
2014,06,23,16,51,02.069,276,1
2014,06,23,16,51,02.069,33375,1
2014,06,23,16,51,02.069,33475,0
2014,06,23,16,51,02.554,276,1
2014,06,23,16,51,02.554,33674,1
2014,06,23,16,51,02.554,33774,0
2014,06,23,16,51,02.554,276,1
2014,06,23,16,51,02.554,33974,1
2014,06,23,16,51,03.042,34075,0
2014,06,23,16,51,03.042,275,1
2014,06,23,16,51,03.042,34275,1
2014,06,23,16,51,03.042,34375,0
2014,06,23,16,51,03.042,273,1
2014,06,23,16,51,03.524,34576,1
2014,06,23,16,51,03.524,34674,0
2014,06,23,16,51,03.524,275,1
2014,06,23,16,51,03.524,34874,1
2014,06,23,16,51,03.524,34974,0
2014,06,23,16,51,04.011,35075,0
2014,06,23,16,51,04.011,35175,0
2014,06,23,16,51,04.011,35275,0
2014,06,23,16,51,04.011,35375,0
2014,06,23,16,51,04.011,275,1
2014,06,23,16,51,04.500,35576,1
2014,06,23,16,51,04.500,35674,1
2014,06,23,16,51,04.500,35774,1
2014,06,23,16,51,04.500,35874,1
2014,06,23,16,51,04.500,35974,0
2014,06,23,16,51,04.989,36075,0
2014,06,23,16,51,04.989,36174,0
2014,06,23,16,51,04.989,36274,0
2014,06,23,16,51,04.989,275,1
2014,06,23,16,51,04.989,36474,1
2014,06,23,16,51,05.482,36575,0
2014,06,23,16,51,05.482,274,1
2014,06,23,16,51,05.482,36775,1
2014,06,23,16,51,05.482,36875,0
2014,06,23,16,51,05.482,274,1
2014,06,23,16,51,05.969,37076,1
2014,06,23,16,51,05.969,37174,0
2014,06,23,16,51,05.969,37274,0
2014,06,23,16,51,05.969,37374,0
2014,06,23,16,51,05.969,37474,0
2014,06,23,16,51,06.462,37575,0
2014,06,23,16,51,06.462,275,1
2014,06,23,16,51,06.462,37775,0
2014,06,23,16,51,06.462,275,1
2014,06,23,16,51,06.462,37975,1
2014,06,23,16,51,06.942,38076,0
2014,06,23,16,51,06.942,38174,0
2014,06,23,16,51,06.942,38274,0
2014,06,23,16,51,06.942,38374,0
2014,06,23,16,51,06.942,38474,0
2014,06,23,16,51,07.437,38575,0
2014,06,23,16,51,07.437,276,1
2014,06,23,16,51,07.437,38775,1
2014,06,23,16,51,07.437,38875,0
2014,06,23,16,51,07.437,38974,0
2014,06,23,16,51,07.920,276,1
2014,06,23,16,51,07.920,39175,1
2014,06,23,16,51,07.920,39275,1
2014,06,23,16,51,07.920,39375,0
2014,06,23,16,51,07.920,39475,0
2014,06,23,16,51,08.413,276,1
2014,06,23,16,51,08.413,39674,0
2014,06,23,16,51,08.413,39774,0
2014,06,23,16,51,08.413,276,1
2014,06,23,16,51,08.413,39974,1
2014,06,23,16,51,08.903,40075,1
2014,06,23,16,51,08.903,40175,0
2014,06,23,16,51,08.903,40275,0
2014,06,23,16,51,08.903,40375,0
2014,06,23,16,51,08.903,277,1
2014,06,23,16,51,09.385,40576,0
2014,06,23,16,51,09.385,40674,0
2014,06,23,16,51,09.385,40774,0
2014,06,23,16,51,09.385,275,1
2014,06,23,16,51,09.385,40974,1
2014,06,23,16,51,09.879,41075,0
2014,06,23,16,51,09.879,276,1
2014,06,23,16,51,09.879,41275,0
2014,06,23,16,51,09.879,41375,0
2014,06,23,16,51,09.879,41475,0
2014,06,23,16,51,10.369,276,1
2014,06,23,16,51,10.369,41674,1
2014,06,23,16,51,10.369,41775,0
2014,06,23,16,51,10.369,41875,0
2014,06,23,16,51,10.369,41975,0
2014,06,23,16,51,10.849,42076,0
2014,06,23,16,51,10.849,276,1
2014,06,23,16,51,10.849,42274,1
2014,06,23,16,51,10.849,42374,0
2014,06,23,16,51,10.849,277,1
2014,06,23,16,51,11.342,42575,0
2014,06,23,16,51,11.342,275,1
2014,06,23,16,51,11.342,42775,1
2014,06,23,16,51,11.342,42875,1
2014,06,23,16,51,11.342,42975,1
2014,06,23,16,51,11.828,43076,1
2014,06,23,16,51,11.828,43174,1
2014,06,23,16,51,11.828,43274,1
2014,06,23,16,51,11.828,43374,1
2014,06,23,16,51,11.828,43474,1
2014,06,23,16,51,12.313,43575,0
2014,06,23,16,51,12.313,276,1
2014,06,23,16,51,12.313,43775,0
2014,06,23,16,51,12.313,275,1
2014,06,23,16,51,12.313,43975,0
2014,06,23,16,51,12.812,276,1
2014,06,23,16,51,12.812,44174,0
2014,06,23,16,51,12.812,44274,0
2014,06,23,16,51,12.812,275,1
2014,06,23,16,51,12.812,44474,0
2014,06,23,16,51,13.294,276,1
2014,06,23,16,51,13.294,44675,1
2014,06,23,16,51,13.294,44775,0
2014,06,23,16,51,13.294,44875,0
2014,06,23,16,51,13.294,275,1
2014,06,23,16,51,13.781,45076,0
2014,06,23,16,51,13.781,275,1
2014,06,23,16,51,13.781,45274,1
2014,06,23,16,51,13.781,45374,1
2014,06,23,16,51,13.781,45474,0
2014,06,23,16,51,14.269,45575,0
2014,06,23,16,51,14.269,45675,0
2014,06,23,16,51,14.269,45775,0
2014,06,23,16,51,14.269,275,1
2014,06,23,16,51,14.269,45975,1
2014,06,23,16,51,14.757,46076,0
2014,06,23,16,51,14.757,276,1
2014,06,23,16,51,14.757,46274,0
2014,06,23,16,51,14.757,46374,0
2014,06,23,16,51,14.757,274,1
2014,06,23,16,51,15.243,46575,0
2014,06,23,16,51,15.243,46675,0
2014,06,23,16,51,15.243,46775,0
2014,06,23,16,51,15.243,276,1
2014,06,23,16,51,15.243,46975,1
2014,06,23,16,51,15.734,47076,0
2014,06,23,16,51,15.734,275,1
2014,06,23,16,51,15.734,47274,1
2014,06,23,16,51,15.734,47374,0
2014,06,23,16,51,15.734,276,1
2014,06,23,16,51,16.228,47576,1
2014,06,23,16,51,16.228,47674,1
2014,06,23,16,51,16.228,47774,0
2014,06,23,16,51,16.228,275,1
2014,06,23,16,51,16.228,47974,0
2014,06,23,16,51,16.709,48075,0
2014,06,23,16,51,16.709,48175,0
2014,06,23,16,51,16.709,275,1
2014,06,23,16,51,16.709,48375,1
2014,06,23,16,51,16.709,48475,0
2014,06,23,16,51,17.199,276,1
2014,06,23,16,51,17.199,48674,0
2014,06,23,16,51,17.199,275,1
2014,06,23,16,51,17.199,48874,0
2014,06,23,16,51,17.199,274,1
2014,06,23,16,51,17.684,49075,0
2014,06,23,16,51,17.684,275,1
2014,06,23,16,51,17.684,49275,0
2014,06,23,16,51,17.684,49375,0
2014,06,23,16,51,17.684,49475,0
2014,06,23,16,51,18.179,49576,0
2014,06,23,16,51,18.179,275,1
2014,06,23,16,51,18.179,49774,0
2014,06,23,16,51,18.179,49874,0
2014,06,23,16,51,18.179,274,1
2014,06,23,16,51,18.659,50075,1
2014,06,23,16,51,18.659,50175,0
2014,06,23,16,51,18.659,276,1
2014,06,23,16,51,18.659,50374,0
2014,06,23,16,51,18.659,50474,0
2014,06,23,16,51,19.155,50575,0
2014,06,23,16,51,19.155,50675,0
2014,06,23,16,51,19.155,50775,0
2014,06,23,16,51,19.155,50875,0
2014,06,23,16,51,19.155,50975,0
2014,06,23,16,51,19.644,276,1
2014,06,23,16,51,19.644,51174,0
2014,06,23,16,51,19.644,277,1
2014,06,23,16,51,19.644,51374,1
2014,06,23,16,51,19.644,51474,1
2014,06,23,16,51,20.133,51575,0
2014,06,23,16,51,20.133,276,1
2014,06,23,16,51,20.133,51775,1
2014,06,23,16,51,20.133,51875,0
2014,06,23,16,51,20.133,51975,0
2014,06,23,16,51,20.616,52076,0
2014,06,23,16,51,20.616,52174,0
2014,06,23,16,51,20.616,52274,0
2014,06,23,16,51,20.616,276,1
2014,06,23,16,51,20.616,52474,1
2014,06,23,16,51,21.109,52575,0
2014,06,23,16,51,21.109,52675,0
2014,06,23,16,51,21.109,52775,0
2014,06,23,16,51,21.109,275,1
2014,06,23,16,51,21.109,52975,1
2014,06,23,16,51,21.603,53075,0
2014,06,23,16,51,21.603,277,1
2014,06,23,16,51,21.603,53275,1
2014,06,23,16,51,21.603,53375,0
2014,06,23,16,51,21.603,53475,0
2014,06,23,16,51,22.080,277,1
2014,06,23,16,51,22.080,53674,0
2014,06,23,16,51,22.080,53774,1
2014,06,23,16,51,22.080,53874,0
2014,06,23,16,51,22.080,276,1
2014,06,23,16,51,22.576,54075,1
2014,06,23,16,51,22.576,54175,1
2014,06,23,16,51,22.576,54275,1
2014,06,23,16,51,22.576,54375,1
2014,06,23,16,51,22.576,54475,1
2014,06,23,16,51,23.060,54576,0
2014,06,23,16,51,23.060,54674,0
2014,06,23,16,51,23.060,275,1
2014,06,23,16,51,23.060,54874,1
2014,06,23,16,51,23.060,54974,0
2014,06,23,16,51,23.549,55075,0
2014,06,23,16,51,23.549,277,1
2014,06,23,16,51,23.549,55275,1
2014,06,23,16,51,23.549,55375,0
2014,06,23,16,51,23.549,276,1
2014,06,23,16,51,24.038,55576,0
2014,06,23,16,51,24.038,275,1
2014,06,23,16,51,24.038,55774,1
2014,06,23,16,51,24.038,55875,1
2014,06,23,16,51,24.038,55975,1
2014,06,23,16,51,24.526,56076,0
2014,06,23,16,51,24.526,56174,0
2014,06,23,16,51,24.526,277,1
2014,06,23,16,51,24.526,56374,0
2014,06,23,16,51,24.526,56474,0
2014,06,23,16,51,25.010,56575,0
2014,06,23,16,51,25.010,56675,0
2014,06,23,16,51,25.010,56775,0
2014,06,23,16,51,25.010,56875,0
2014,06,23,16,51,25.010,276,1
2014,06,23,16,51,25.497,57076,1
2014,06,23,16,51,25.497,57174,0
2014,06,23,16,51,25.497,57274,0
2014,06,23,16,51,25.497,275,1
2014,06,23,16,51,25.497,57474,0
2014,06,23,16,51,25.988,57575,0
2014,06,23,16,51,25.988,277,1
2014,06,23,16,51,25.988,57775,0
2014,06,23,16,51,25.988,276,1
2014,06,23,16,51,25.988,57975,0
2014,06,23,16,51,26.474,274,1
2014,06,23,16,51,26.474,58174,0
2014,06,23,16,51,26.474,58274,0
2014,06,23,16,51,26.474,58374,0
2014,06,23,16,51,26.474,275,1
2014,06,23,16,51,26.963,58575,1
2014,06,23,16,51,26.963,58676,0
2014,06,23,16,51,26.963,58774,0
2014,06,23,16,51,26.963,275,1
2014,06,23,16,51,26.963,58974,0
2014,06,23,16,51,27.456,59075,0
2014,06,23,16,51,27.456,275,1
2014,06,23,16,51,27.456,59275,1
2014,06,23,16,51,27.456,59375,0
2014,06,23,16,51,27.456,59475,0
2014,06,23,16,51,27.941,276,1
2014,06,23,16,51,27.941,59674,1
2014,06,23,16,51,27.941,59774,0
2014,06,23,16,51,27.941,275,1
2014,06,23,16,51,27.941,59974,1
2014,06,23,16,51,28.427,60075,0
2014,06,23,16,51,28.427,60175,0
2014,06,23,16,51,28.427,60275,0
2014,06,23,16,51,28.427,60375,0
2014,06,23,16,51,28.427,278,1
2014,06,23,16,51,28.919,60576,0
2014,06,23,16,51,28.919,60674,0
2014,06,23,16,51,28.919,60774,0
2014,06,23,16,51,28.919,276,1
2014,06,23,16,51,28.919,60974,0
2014,06,23,16,51,29.402,276,1
2014,06,23,16,51,29.402,61175,0
2014,06,23,16,51,29.402,61275,0
2014,06,23,16,51,29.402,61375,0
2014,06,23,16,51,29.402,276,1
2014,06,23,16,51,29.895,61575,0
2014,06,23,16,51,29.895,61675,0
2014,06,23,16,51,29.895,61775,0
2014,06,23,16,51,29.895,276,1
2014,06,23,16,51,29.895,61975,0
2014,06,23,16,51,30.379,62076,0
2014,06,23,16,51,30.379,62174,0
2014,06,23,16,51,30.379,62274,0
2014,06,23,16,51,30.379,62374,0
2014,06,23,16,51,30.379,62474,0
2014,06,23,16,51,30.865,277,1
2014,06,23,16,51,30.865,62675,1
2014,06,23,16,51,30.865,62775,1
2014,06,23,16,51,30.865,62875,0
2014,06,23,16,51,30.865,276,1
2014,06,23,16,51,31.358,63076,0
2014,06,23,16,51,31.358,63174,0
2014,06,23,16,51,31.358,276,1
2014,06,23,16,51,31.358,63374,1
2014,06,23,16,51,31.358,63474,1
2014,06,23,16,51,31.842,63575,0
2014,06,23,16,51,31.842,63675,0
2014,06,23,16,51,31.842,63775,0
2014,06,23,16,51,31.842,276,1
2014,06,23,16,51,31.842,63975,0
2014,06,23,16,51,32.338,64076,0
2014,06,23,16,51,32.338,64174,0
2014,06,23,16,51,32.338,64274,0
2014,06,23,16,51,32.338,64375,0
2014,06,23,16,51,32.338,276,1
2014,06,23,16,51,32.821,64576,1
2014,06,23,16,51,32.821,64674,0
2014,06,23,16,51,32.821,64774,0
2014,06,23,16,51,32.821,64874,0
2014,06,23,16,51,32.821,276,1
2014,06,23,16,51,33.310,65075,1
2014,06,23,16,51,33.310,65175,1
2014,06,23,16,51,33.310,65275,1
2014,06,23,16,51,33.310,65375,0
2014,06,23,16,51,33.310,277,1
2014,06,23,16,51,33.798,40,1
2014,06,23,16,51,33.798,138,0
2014,06,23,16,51,33.798,275,1
2014,06,23,16,51,33.798,338,0
2014,06,23,16,51,33.798,438,0
2014,06,23,16,51,34.290,539,0
2014,06,23,16,51,34.290,639,0
2014,06,23,16,51,34.290,277,1
2014,06,23,16,51,34.290,839,1
2014,06,23,16,51,34.290,939,0
2014,06,23,16,51,34.774,277,1
2014,06,23,16,51,34.774,1138,1
2014,06,23,16,51,34.774,1238,1
2014,06,23,16,51,34.774,1338,0
2014,06,23,16,51,34.774,1438,1
2014,06,23,16,51,35.263,1539,1
2014,06,23,16,51,35.263,1638,1
2014,06,23,16,51,35.263,1738,0
2014,06,23,16,51,35.263,1838,0
2014,06,23,16,51,35.263,1938,0
2014,06,23,16,51,35.753,276,1
2014,06,23,16,51,35.753,2139,1
2014,06,23,16,51,35.753,2239,0
2014,06,23,16,51,35.753,277,1
2014,06,23,16,51,35.753,2439,1
2014,06,23,16,51,36.236,2540,0
2014,06,23,16,51,36.236,275,1
2014,06,23,16,51,36.236,2738,0
2014,06,23,16,51,36.236,2838,0
2014,06,23,16,51,36.236,275,1
2014,06,23,16,51,36.730,3039,1
2014,06,23,16,51,36.730,3139,1
2014,06,23,16,51,36.730,3239,0
2014,06,23,16,51,36.730,3339,0
2014,06,23,16,51,36.730,276,1
2014,06,23,16,51,37.229,3540,0
2014,06,23,16,51,37.229,3638,0
2014,06,23,16,51,37.229,3738,0
2014,06,23,16,51,37.229,3838,0
2014,06,23,16,51,37.229,3938,0
2014,06,23,16,51,37.710,275,1
2014,06,23,16,51,37.710,4139,1
2014,06,23,16,51,37.710,4239,1
2014,06,23,16,51,37.710,4339,1
2014,06,23,16,51,37.710,4440,0
2014,06,23,16,51,38.196,276,1
2014,06,23,16,51,38.196,4639,0
2014,06,23,16,51,38.196,276,1
2014,06,23,16,51,38.196,4839,1
2014,06,23,16,51,38.196,4939,1
2014,06,23,16,51,38.682,5040,1
2014,06,23,16,51,38.682,5138,0
2014,06,23,16,51,38.682,5238,0
2014,06,23,16,51,38.682,277,1
2014,06,23,16,51,38.682,5438,0
2014,06,23,16,51,39.185,5539,0
2014,06,23,16,51,39.185,5639,0
2014,06,23,16,51,39.185,5739,0
2014,06,23,16,51,39.185,5839,0
2014,06,23,16,51,39.185,5939,0
2014,06,23,16,51,39.657,6040,0
2014,06,23,16,51,39.657,6138,0
2014,06,23,16,51,39.657,6238,0
2014,06,23,16,51,39.657,6338,0
2014,06,23,16,51,39.657,6438,0
2014,06,23,16,51,40.151,6539,0
2014,06,23,16,51,40.151,6639,0
2014,06,23,16,51,40.151,6739,0
2014,06,23,16,51,40.151,6839,0
2014,06,23,16,51,40.151,6939,0
